1. 111214_alx_vpni	Fish 2017_Ch2	res	0.36x0.36x1	axon	LR	SR
														6	555.85
														7		72.48
														8		39.58
														9		34.45
														10	417.48
														11	170.69
2. 111314_alx_vpni	Fish1059_ch2	res	0.36x0.36x2		1	429.99
														2	367.26
														3		22.78
														4		21.04
														5		29.60
														6		21.24
														7		18.99
														8		67.99
														26		104.11
3.111914_axl_vpni	Fish1013_ch2	res	0.36x0.36x2		1	234.08
														2	387.413
														6		25.75
														20		132.47
														21		16.36
														22		16.63
														32		29.89
														25		134.59
														26		66.28
														27		36.53
														29		46.38
														28		63.09
														3		33.02
														4		29.16
														5		102.98
4.112614)alx_vpni	Fish3075_118	res 0.36x0.36x1		0	580.99
														1		17.21
														2		13.21
														3	257.54
														4		68.67
														5	98.53
														6		8.24
														7		19.82
														8	171.81
														9		76.94
														19		67.06
														21		12.29
														22		8.56
														23		16.31
														20	114.03
														35	183.08
														36		72.023
														37		82.94
														38		94.35
														39		13.24
														24	84.01
														25		52.16
														26		121.33
														27		28.36
5.120312_glut_alx	Fish1006	res 0.36x0.36x2			2	579.87
														5	193.31
														11		209.66
														3		85.13
														4		72.38
