1	1	52	221	141.0
1	1	26	7	107.0
1	1	30	25	121.0
1	1	51	6	95.0
1	1	62	17	125.0
1	1	103	197	123.0
1	1	48	99	126.0
1	1	36	94	127.0
1	1	54	129	137.0
1	1	28	151	131.0
1	1	27	137	134.0
1	1	10	160	136.0
1	1	26	163	122.0
1	1	42	169	128.0
1	1	34	222	129.0
1	1	22	215	135.0
1	1	6	209	146.0
1	1	11	225	143.0
1	1	25	233	139.0
1	1	40	210	134.0
1	1	65	160	130.0
1	1	38	267	121.0
1	1	26	258	140.0
1	1	33	247	133.0
1	1	8	252	142.0
1	1	57	243	146.0
1	1	246	379	138.0
1	1	189	384	132.0
1	1	176	384	132.0
1	1	196	369	136.0
1	1	135	167	139.0
1	1	141	236	131.0
1	1	335	353	144.0
1	1	311	351	143.0
1	1	327	339	126.0
1	1	360	374	137.0
1	1	366	413	127.0
1	1	370	398	139.0
1	1	383	424	138.0
1	1	393	417	152.0
1	1	379	413	158.0
1	1	286	276	125.0
1	1	289	293	142.0
1	1	299	309	117.0
1	1	422	240	74.0
1	1	437	258	173.0
1	1	382	480	143.0
1	1	424	463	161.0
1	1	395	478	135.0
1	1	393	506	146.0
1	1	361	538	142.0
1	1	404	538	174.0
1	1	385	552	146.0
1	1	419	554	130.0
1	1	429	602	144.0
1	1	445	611	149.0
1	1	463	645	168.0
1	1	473	598	144.0
1	1	484	609	162.0
1	1	432	667	170.0
1	1	324	674	142.0
1	1	320	687	144.0
1	1	322	716	144.0
1	1	323	657	144.0
1	1	339	665	130.0
1	1	354	654	142.0
1	1	348	677	148.0
1	1	360	690	151.0
1	1	350	700	146.0
1	1	323	701	152.0
1	1	360	713	146.0
1	1	302	738	148.0
1	1	291	747	142.0
1	1	411	718	139.0
1	1	394	717	152.0
1	1	381	729	152.0
1	1	418	696	144.0
1	1	272	698	151.0
1	1	269	776	146.0
1	1	254	777	140.0
1	1	244	791	149.0
1	1	283	786	143.0
1	1	298	791	136.0
1	1	266	757	146.0
1	1	308	809	151.0
1	1	287	817	152.0
1	1	400	758	152.0
1	1	420	776	147.0
1	1	428	788	145.0
1	1	425	801	159.0
1	1	438	821	152.0
1	1	444	829	157.0
1	1	439	846	144.0
1	1	420	859	129.0
1	1	415	873	119.0
1	1	93	260	148.0
1	1	51	207	130.0
1	1	47	151	130.0
1	1	125	82	124.0
1	1	127	66	128.0
1	1	198	359	136.0
1	1	128	432	132.0
1	1	167	451	140.0
1	1	184	459	149.0
1	1	211	475	146.0
1	1	189	517	128.0
1	1	94	519	141.0
1	1	76	541	148.0
1	1	5	548	133.0
1	1	3	533	142.0
1	1	42	545	141.0
1	1	225	528	138.0
1	1	378	468	151.0
1	1	200	605	139.0
1	1	174	586	144.0
1	1	199	584	126.0
1	1	188	571	141.0
1	1	140	562	137.0
1	1	165	570	129.0
1	1	186	557	129.0
1	1	181	625	140.0
1	1	140	615	147.0
1	1	132	606	136.0
1	1	375	786	138.0
1	1	354	805	147.0
1	1	187	681	142.0
1	1	156	708	137.0
1	1	167	700	134.0
1	1	169	679	152.0
1	1	149	678	144.0
1	1	262	817	137.0
1	1	172	718	143.0
1	1	181	701	136.0
1	1	150	841	146.0
1	1	166	838	147.0
1	1	152	883	139.0
1	1	136	851	139.0
1	1	179	824	155.0
1	1	191	830	142.0
1	1	161	813	139.0
1	1	149	804	142.0
1	1	175	859	143.0
1	1	195	883	141.0
1	1	239	851	149.0
1	1	256	872	131.0
1	1	149	896	152.0
1	1	250	833	140.0
1	1	301	852	139.0
1	1	284	847	130.0
1	1	285	836	146.0
1	1	298	841	135.0
1	1	262	889	144.0
1	1	273	883	140.0
1	1	246	895	148.0
1	1	241	866	152.0
1	1	226	861	153.0
1	1	220	831	142.0
1	1	211	807	134.0
1	1	200	815	148.0
1	1	182	810	147.0
1	1	201	870	149.0
1	1	219	893	143.0
1	1	220	869	145.0
1	1	209	791	136.0
1	1	242	816	125.0
1	1	137	881	139.0
1	1	125	895	155.0
1	1	119	867	141.0
1	1	106	860	122.0
1	1	101	846	140.0
1	1	115	834	143.0
1	1	129	841	140.0
1	1	105	812	123.0
1	1	87	876	139.0
1	1	86	864	146.0
1	1	51	866	150.0
1	1	59	879	146.0
1	1	72	886	145.0
1	1	56	895	131.0
1	1	21	878	139.0
1	1	24	863	146.0
1	1	9	888	141.0
1	1	10	859	135.0
1	1	3	878	136.0
1	1	44	848	146.0
1	1	48	828	153.0
1	1	24	838	150.0
1	1	44	813	146.0
1	1	22	801	147.0
1	1	26	789	134.0
1	1	9	794	137.0
1	1	3	783	147.0
1	1	8	767	142.0
1	1	7	754	139.0
1	1	23	754	140.0
1	1	26	773	144.0
1	1	73	793	132.0
1	1	93	800	145.0
1	1	98	768	150.0
1	1	91	786	139.0
1	1	85	770	144.0
1	1	73	781	138.0
1	1	67	764	141.0
1	1	15	733	132.0
1	1	12	714	141.0
1	1	2	702	148.0
1	1	8	662	147.0
1	1	94	752	147.0
1	1	93	692	143.0
1	1	96	705	145.0
1	1	96	676	150.0
1	1	100	661	112.0
1	1	123	672	135.0
1	1	89	649	135.0
1	1	109	638	136.0
1	1	89	623	135.0
1	1	110	604	143.0
1	1	80	579	147.0
1	1	313	834	123.0
1	1	141	788	142.0
1	1	103	882	145.0
1	1	114	710	139.0
1	1	102	731	128.0
1	1	80	663	147.0
1	1	56	840	143.0
1	1	71	824	152.0
1	1	87	822	141.0
1	1	137	866	145.0
1	1	58	788	141.0
2	1	54	21	98.0
8	1	5	570	138.0
8	1	194	444	146.0
8	1	346	361	137.0
8	1	305	332	114.0
8	1	204	385	153.0
1	2	39	139	140.0
1	2	47	116	137.0
1	3	31	120	134.0
1	3	402	428	119.0
1	4	52	182	139.0
1	4	27	178	147.0
1	4	237	555	120.0
1	5	380	465	143.0
1	6	18	197	154.0
1	6	146	748	111.0
1	6	163	789	151.0
1	6	87	563	141.0
1	6	115	692	143.0
1	6	127	644	153.0
1	7	195	444	140.0
1	8	163	793	142.0
1	8	56	837	158.0
1	8	86	821	150.0
1	8	76	742	142.0
1	9	308	327	144.0
1	9	409	563	150.0
1	9	200	710	133.0
1	9	202	673	141.0
1	9	143	828	154.0
1	10	123	124	136.0
1	11	137	865	157.0
1	11	201	869	151.0
1	11	22	893	153.0
1	11	9	830	153.0
1	11	113	710	156.0
1	12	41	234	140.0
1	12	456	873	141.0
1	12	313	835	129.0
1	12	74	741	145.0
2	12	113	616	137.0
1	13	101	557	131.0
1	13	133	647	135.0
1	13	415	669	139.0
1	13	375	677	132.0
1	13	71	828	154.0
1	13	77	811	126.0
1	14	367	498	149.0
1	14	98	553	152.0
1	14	194	795	151.0
1	14	163	852	154.0
1	14	121	880	156.0
1	16	41	256	4.0
1	16	257	706	146.0
1	17	450	323	158.0
1	17	464	583	157.0
1	17	367	497	131.0
1	17	376	680	144.0
1	17	167	876	141.0
1	17	74	718	145.0
1	18	165	825	148.0
1	18	123	880	148.0
1	19	348	359	136.0
1	19	410	564	144.0
1	20	52	194	150.0
1	20	45	256	140.0
1	20	76	856	156.0
1	20	74	899	147.0
1	20	36	803	160.0
1	20	86	725	147.0
8	20	393	490	130.0
1	21	204	380	139.0
1	21	454	618	163.0
1	21	193	427	139.0
1	22	61	36	127.0
1	22	456	870	147.0
1	22	101	883	161.0
1	22	116	693	145.0
1	22	115	615	147.0
1	23	258	708	132.0
1	24	52	22	101.0
1	24	142	788	152.0
1	24	219	847	154.0
1	24	60	787	141.0
1	24	107	779	144.0
1	24	97	705	142.0
1	24	80	664	152.0
1	25	55	164	129.0
1	25	449	305	151.0
1	25	417	670	138.0
8	25	136	531	123.0
1	26	172	610	164.0
1	26	192	430	145.0
1	26	316	841	171.0
1	26	199	834	164.0
8	26	385	445	147.0
1	27	135	530	146.0
1	27	149	645	153.0
1	28	162	813	179.0
8	28	366	394	162.0
1	29	49	279	139.0
1	29	201	358	127.0
1	29	207	407	133.0
1	29	365	386	144.0
1	29	394	487	133.0
1	29	410	575	144.0
1	29	188	856	124.0
1	29	241	864	155.0
1	30	48	131	141.0
1	30	349	366	155.0
1	30	376	672	158.0
1	31	18	17	120.0
1	31	116	180	132.0
1	31	40	160	121.0
1	31	271	223	103.0
1	31	196	635	132.0
1	31	424	607	137.0
1	31	309	861	113.0
1	31	219	841	136.0
1	31	124	816	137.0
1	31	5	841	125.0
1	31	107	789	146.0
1	31	72	832	125.0
1	31	57	848	142.0
1	32	438	285	160.0
1	34	423	885	121.0
1	34	243	886	150.0
1	34	237	842	142.0
1	35	386	439	127.0
1	35	292	783	138.0
1	35	186	884	141.0
1	35	143	797	140.0
1	36	132	91	146.0
1	36	313	704	158.0
1	36	180	700	155.0
1	36	48	881	160.0
1	36	81	807	149.0
1	36	109	794	162.0
1	36	122	769	158.0
1	37	314	693	143.0
1	37	265	822	135.0
1	37	230	775	142.0
1	37	337	803	142.0
1	37	186	881	147.0
1	37	150	646	143.0
1	37	76	746	138.0
1	38	46	308	144.0
1	38	395	488	129.0
1	38	136	633	143.0
1	38	138	774	145.0
1	38	240	887	151.0
1	38	165	855	148.0
1	39	366	442	146.0
1	40	79	399	134.0
1	40	339	797	150.0
1	40	237	837	146.0
1	40	61	853	158.0
1	40	8	803	145.0
1	40	9	815	141.0
1	41	411	577	153.0
1	41	410	591	148.0
1	42	466	554	155.0
1	42	411	592	123.0
1	42	264	788	140.0
1	42	203	847	144.0
1	42	228	774	144.0
1	42	164	843	142.0
1	42	106	830	142.0
1	42	35	819	150.0
1	42	81	702	135.0
1	42	130	711	133.0
1	42	189	549	135.0
1	43	34	204	149.0
1	43	429	581	160.0
1	44	79	397	112.0
1	44	430	583	140.0
1	45	312	748	156.0
1	45	289	758	161.0
1	45	151	863	159.0
1	46	143	429	143.0
1	46	210	408	142.0
1	46	210	769	134.0
1	47	42	296	135.0
1	47	39	184	148.0
1	47	365	443	148.0
1	47	145	564	143.0
1	47	210	772	129.0
1	47	78	754	156.0
1	47	75	713	149.0
1	47	129	707	143.0
1	48	194	412	127.0
1	48	400	431	120.0
1	48	312	736	139.0
1	48	293	779	158.0
1	48	317	781	155.0
1	48	175	803	134.0
1	49	296	800	161.0
1	49	261	857	156.0
1	49	209	857	154.0
1	49	75	835	151.0
1	49	125	793	148.0
8	49	314	689	148.0
1	50	43	24	127.0
1	50	39	182	153.0
1	50	295	801	164.0
1	51	114	135	143.0
1	51	377	427	135.0
1	51	80	398	137.0
1	51	478	529	163.0
1	51	192	611	148.0
1	51	146	427	145.0
1	51	241	853	141.0
1	51	226	865	151.0
1	51	135	630	139.0
8	51	11	559	141.0
8	51	247	535	142.0
1	52	52	135	140.0
1	52	318	325	128.0
1	52	423	607	154.0
1	52	346	812	154.0
1	53	36	201	134.0
1	53	248	534	125.0
1	53	247	633	147.0
1	53	248	649	142.0
1	53	188	653	93.0
1	53	93	839	137.0
1	53	79	755	147.0
1	54	361	679	133.0
1	54	438	819	165.0
1	54	210	467	138.0
1	54	6	632	150.0
1	56	282	357	156.0
1	56	424	820	173.0
1	56	77	554	160.0
1	56	43	556	145.0
1	56	175	640	154.0
1	56	208	850	158.0
1	56	139	764	168.0
1	56	50	788	152.0
1	57	443	615	163.0
1	57	337	798	145.0
1	58	277	256	133.0
1	58	194	454	123.0
1	59	230	166	133.0
1	59	371	636	135.0
1	59	126	791	155.0
1	59	124	567	145.0
8	59	352	377	151.0
1	60	55	42	129.0
1	60	191	363	137.0
1	60	316	781	151.0
1	60	146	815	151.0
1	60	21	855	146.0
1	61	156	318	149.0
1	61	264	781	166.0
1	61	27	25	132.0
1	61	314	325	147.0
1	62	294	283	129.0
1	62	361	678	140.0
1	62	257	860	149.0
1	62	103	870	142.0
1	62	80	891	137.0
1	62	41	898	144.0
1	62	59	807	144.0
1	62	144	564	141.0
1	63	433	492	146.0
1	63	47	240	131.0
1	63	44	555	135.0
1	63	188	547	135.0
1	63	297	321	136.0
1	63	178	676	153.0
1	63	225	864	150.0
1	63	174	797	132.0
1	64	47	241	149.0
1	65	109	154	154.0
1	65	423	565	147.0
1	65	184	330	138.0
1	65	326	664	147.0
1	65	392	637	148.0
1	65	199	887	154.0
1	65	22	823	141.0
1	66	355	369	147.0
1	66	422	467	147.0
1	66	392	638	154.0
1	67	262	719	139.0
1	67	423	788	136.0
1	67	174	504	138.0
1	67	264	839	133.0
1	67	224	877	120.0
1	67	99	608	135.0
1	68	414	678	144.0
1	69	92	5	145.0
1	69	76	2	138.0
1	69	122	856	157.0
1	70	125	48	135.0
1	70	178	43	128.0
1	70	192	364	142.0
1	70	348	708	147.0
1	70	396	738	153.0
1	70	194	412	135.0
1	70	74	513	143.0
1	70	346	814	147.0
1	70	142	885	154.0
1	71	147	699	141.0
1	71	142	739	132.0
1	71	206	830	150.0
1	71	177	815	153.0
1	71	46	868	149.0
1	71	50	792	134.0
1	71	12	900	132.0
8	71	145	427	134.0
1	72	107	14	134.0
1	72	406	552	150.0
1	72	423	771	162.0
1	72	198	383	138.0
1	73	295	319	137.0
1	73	363	459	140.0
1	73	180	811	154.0
1	73	146	696	150.0
1	73	124	861	142.0
1	73	146	809	142.0
1	74	326	664	153.0
1	74	435	867	173.0
1	74	450	876	169.0
1	74	422	824	173.0
1	74	55	47	138.0
1	74	123	532	151.0
1	74	423	469	157.0
1	75	196	111	124.0
1	75	195	452	127.0
1	76	140	119	141.0
1	76	67	363	151.0
1	76	199	383	148.0
1	76	420	639	151.0
1	76	379	796	158.0
1	76	50	168	139.0
1	76	432	653	163.0
1	76	195	686	149.0
1	76	143	736	141.0
1	76	163	836	152.0
1	76	95	689	155.0
1	76	77	565	148.0
1	77	52	207	142.0
1	78	460	589	147.0
1	78	418	653	143.0
1	78	441	801	165.0
1	78	362	459	135.0
1	78	258	691	140.0
1	78	97	765	136.0
1	78	95	630	140.0
1	79	119	24	139.0
1	79	363	722	155.0
1	79	330	836	156.0
1	80	349	708	105.0
1	80	111	844	143.0
1	81	424	840	148.0
1	81	329	837	162.0
1	81	376	662	152.0
1	81	183	840	161.0
1	81	46	847	162.0
1	81	82	785	154.0
1	81	91	809	146.0
1	81	87	673	158.0
1	81	77	727	164.0
1	81	77	863	157.0
1	81	52	815	154.0
2	81	499	512	162.0
8	81	359	489	142.0
1	83	148	583	152.0
1	84	124	7	129.0
1	84	185	329	133.0
1	84	184	394	135.0
1	84	194	465	148.0
1	84	365	720	149.0
1	84	292	865	152.0
1	84	53	814	153.0
1	84	142	738	124.0
1	84	94	739	140.0
8	84	335	359	136.0
1	85	107	176	143.0
1	85	174	857	132.0
1	85	91	812	143.0
1	85	77	727	156.0
1	86	107	178	138.0
1	86	391	501	127.0
1	86	195	479	143.0
1	87	172	83	131.0
1	87	185	393	141.0
1	87	286	716	146.0
1	87	468	886	143.0
1	87	195	463	147.0
1	87	290	868	153.0
1	87	258	886	140.0
1	87	23	883	156.0
1	87	134	842	148.0
1	88	378	648	148.0
1	88	260	692	149.0
1	88	181	251	142.0
1	88	67	360	150.0
1	89	153	53	140.0
1	89	303	311	130.0
1	89	360	489	142.0
8	89	189	534	146.0
1	90	181	251	143.0
1	90	240	620	142.0
1	90	413	677	120.0
1	90	116	633	148.0
1	91	374	664	148.0
1	91	323	345	136.0
1	92	390	502	144.0
1	92	423	773	161.0
1	92	380	649	156.0
1	92	448	880	167.0
1	92	178	880	153.0
1	92	243	851	154.0
1	92	118	885	153.0
8	92	49	582	151.0
1	93	13	522	137.0
1	94	80	13	141.0
1	94	136	195	144.0
1	94	431	653	167.0
1	94	189	534	151.0
1	94	23	800	153.0
1	95	377	392	156.0
1	95	393	408	170.0
1	95	197	804	160.0
1	95	176	855	157.0
1	95	58	890	169.0
1	95	112	846	156.0
1	96	141	184	141.0
1	96	52	151	136.0
1	96	193	480	147.0
1	96	222	829	150.0
2	96	355	389	147.0
1	97	138	5	149.0
1	98	140	11	138.0
1	98	324	679	147.0
1	98	329	720	139.0
1	98	188	498	147.0
1	99	126	163	150.0
1	99	283	279	158.0
1	99	274	798	150.0
1	99	52	210	151.0
1	99	408	628	150.0
1	99	134	839	157.0
1	99	111	867	158.0
1	101	248	804	151.0
2	101	154	478	160.0
2	101	110	555	151.0
2	101	192	621	153.0
2	101	377	751	172.0
2	101	224	827	169.0
2	101	129	692	155.0
2	101	148	581	156.0
2	101	125	580	156.0
8	101	322	346	150.0
2	103	316	739	139.0
2	103	63	63	135.0
2	103	136	486	138.0
2	103	334	360	145.0
2	103	81	818	159.0
2	105	337	851	144.0
2	105	204	598	147.0
2	105	163	672	156.0
2	105	197	805	151.0
8	105	11	521	139.0
1	106	37	41	148.0
2	106	409	627	156.0
2	106	301	841	153.0
2	106	435	868	170.0
2	106	160	877	155.0
2	106	206	829	164.0
2	106	153	890	156.0
2	106	160	651	160.0
2	106	138	665	165.0
8	106	396	528	125.0
1	107	53	193	146.0
1	107	373	485	146.0
2	107	131	38	133.0
2	107	135	147	156.0
2	107	388	624	156.0
2	107	162	878	145.0
2	107	134	873	151.0
2	107	57	890	150.0
2	108	470	505	156.0
2	108	177	612	156.0
2	108	140	602	154.0
2	108	158	651	162.0
2	108	16	774	152.0
1	109	61	61	128.0
2	109	275	801	136.0
2	109	387	622	153.0
2	109	85	895	141.0
2	109	116	599	146.0
2	110	117	101	145.0
2	110	175	482	164.0
2	110	392	478	151.0
2	110	164	713	161.0
2	110	174	823	152.0
2	110	248	835	162.0
2	111	103	25	129.0
2	111	50	265	144.0
2	111	414	665	150.0
1	112	357	894	174.0
2	112	89	317	123.0
2	112	386	464	157.0
2	112	435	812	167.0
2	112	318	810	168.0
2	112	413	666	153.0
2	112	163	800	155.0
2	112	271	889	158.0
2	112	175	823	169.0
2	112	92	849	155.0
2	112	121	817	166.0
2	112	92	868	153.0
2	112	207	599	158.0
8	112	354	389	152.0
1	114	349	574	156.0
2	114	191	125	138.0
2	114	358	403	155.0
2	114	364	414	149.0
2	114	270	810	164.0
2	114	144	506	156.0
2	114	136	664	154.0
2	115	373	486	152.0
2	115	143	507	148.0
2	115	336	853	150.0
2	115	150	792	159.0
2	115	108	872	156.0
8	115	391	475	145.0
2	116	75	34	128.0
2	116	57	88	139.0
2	116	161	422	158.0
2	116	394	526	143.0
2	116	443	565	172.0
2	116	380	752	166.0
2	116	414	699	144.0
2	116	150	792	157.0
2	116	135	786	151.0
2	116	23	860	167.0
2	116	87	892	153.0
2	117	206	422	138.0
2	117	137	517	120.0
2	117	131	556	146.0
2	117	343	367	136.0
2	117	314	742	137.0
2	117	305	845	151.0
2	117	216	890	158.0
2	117	122	705	140.0
2	117	178	614	145.0
2	118	388	622	161.0
2	119	173	60	128.0
2	119	312	709	165.0
2	119	281	780	133.0
2	119	49	263	151.0
2	119	151	468	136.0
2	119	473	586	164.0
2	119	319	756	156.0
8	119	116	598	148.0
2	120	122	61	132.0
2	120	175	96	129.0
2	120	203	142	128.0
2	120	279	781	152.0
2	120	72	760	147.0
2	120	179	711	137.0
2	120	49	650	133.0
2	120	48	669	138.0
2	121	400	610	165.0
2	121	178	710	159.0
2	121	91	868	157.0
2	122	140	33	133.0
2	123	413	593	150.0
2	123	356	779	160.0
2	123	302	877	136.0
2	123	76	849	152.0
2	123	135	874	158.0
2	123	77	799	153.0
2	123	88	703	136.0
2	123	142	599	143.0
2	124	415	455	148.0
2	124	205	494	146.0
2	125	124	64	136.0
2	125	162	637	143.0
2	125	223	623	155.0
2	125	171	693	146.0
2	126	490	486	144.0
2	126	241	582	150.0
2	126	205	494	147.0
2	126	272	812	153.0
2	126	61	865	156.0
2	126	96	790	156.0
2	126	135	785	140.0
2	126	113	783	143.0
2	126	111	733	147.0
2	127	44	156	132.0
2	128	183	37	131.0
2	128	182	38	131.0
2	128	425	480	155.0
2	128	140	291	151.0
2	128	212	542	147.0
2	129	7	1	139.0
2	129	114	2	136.0
2	129	164	67	119.0
2	129	422	613	149.0
2	129	318	754	169.0
2	129	101	546	154.0
2	129	366	707	97.0
2	129	400	611	153.0
1	130	228	850	159.0
2	130	100	8	140.0
2	130	150	4	149.0
2	130	393	767	159.0
2	130	429	786	165.0
2	130	43	159	138.0
2	130	452	520	165.0
2	131	393	769	151.0
2	131	430	785	165.0
2	131	314	710	149.0
2	131	212	542	135.0
2	131	133	640	147.0
8	131	374	424	138.0
1	132	22	38	127.0
2	132	60	25	151.0
2	132	256	783	162.0
2	132	133	640	166.0
2	132	466	603	165.0
2	132	301	877	148.0
2	132	294	888	136.0
2	133	215	153	135.0
2	134	110	24	134.0
2	134	154	154	148.0
2	134	414	809	162.0
2	134	146	611	155.0
2	134	181	894	158.0
2	134	296	885	133.0
2	134	56	829	160.0
2	134	70	778	147.0
2	134	66	838	159.0
2	134	98	774	154.0
2	134	73	684	155.0
2	134	162	711	157.0
2	134	162	636	155.0
2	134	138	626	153.0
8	134	8	579	153.0
8	134	5	562	146.0
2	135	70	21	132.0
2	135	18	13	143.0
2	135	122	12	119.0
2	135	159	54	131.0
2	135	161	36	131.0
2	135	411	469	156.0
2	135	421	614	153.0
2	135	203	877	148.0
1	136	20	13	139.0
2	136	319	813	156.0
2	136	152	465	129.0
2	136	111	482	151.0
2	137	380	436	146.0
2	137	312	827	155.0
2	137	156	827	153.0
2	137	22	834	167.0
2	137	143	762	149.0
8	137	10	619	158.0
8	137	8	603	150.0
2	138	140	292	143.0
2	138	138	416	146.0
2	138	160	421	133.0
2	139	89	21	135.0
2	139	125	31	140.0
2	139	135	21	148.0
2	139	128	186	147.0
2	139	77	797	163.0
2	140	100	31	131.0
2	140	292	300	140.0
2	140	122	759	148.0
2	140	113	895	152.0
2	140	204	878	153.0
2	140	104	703	164.0
2	140	77	605	141.0
2	140	197	670	153.0
8	140	364	413	138.0
2	141	340	344	134.0
2	141	358	775	156.0
2	141	289	802	142.0
2	141	137	217	155.0
2	141	224	507	148.0
2	141	414	453	161.0
2	141	468	601	165.0
2	141	187	720	153.0
2	141	144	761	152.0
2	141	235	879	159.0
2	141	66	840	156.0
2	142	147	28	127.0
2	142	137	215	152.0
2	142	396	446	119.0
2	143	80	37	141.0
2	143	167	92	135.0
2	143	262	722	158.0
2	143	193	859	162.0
2	143	163	854	122.0
2	143	142	853	159.0
2	143	45	876	163.0
2	143	72	888	159.0
2	143	226	632	157.0
1	144	210	841	130.0
2	144	372	423	119.0
2	144	70	893	129.0
2	145	156	46	110.0
2	145	379	436	133.0
2	145	370	359	141.0
2	145	354	879	89.0
2	145	140	810	126.0
2	145	98	880	131.0
2	145	194	706	140.0
1	146	30	54	107.0
1	146	49	41	114.0
2	146	224	633	144.0
2	146	98	878	142.0
2	146	40	816	143.0
1	147	65	50	114.0
1	147	48	55	119.0
2	147	151	68	118.0
2	147	356	877	135.0
2	147	410	880	100.0
2	148	191	602	127.0
2	148	156	844	119.0
2	148	304	896	127.0
2	148	100	815	127.0
2	148	235	879	148.0
2	148	52	852	143.0
2	148	52	801	130.0
8	148	112	481	138.0
8	148	223	507	129.0
2	150	136	416	139.0
2	150	352	716	138.0
2	150	357	839	139.0
2	150	414	853	118.0
2	150	427	856	113.0
2	150	139	529	144.0
2	151	258	184	104.0
2	151	256	782	128.0
2	151	414	852	109.0
2	151	414	697	124.0
2	152	38	73	112.0
2	152	350	375	120.0
2	152	419	577	109.0
2	152	366	706	150.0
2	152	396	804	152.0
2	152	324	844	129.0
2	152	134	624	134.0
2	152	401	639	133.0
2	152	207	810	135.0
2	152	231	838	128.0
2	152	50	801	136.0
2	153	142	654	129.0
2	153	194	707	126.0
2	153	176	799	131.0
2	154	155	86	120.0
2	154	361	728	143.0
2	154	305	777	142.0
2	154	358	837	141.0
2	154	428	853	128.0
2	154	87	762	135.0
2	154	232	848	142.0
2	155	141	280	121.0
2	155	304	779	133.0
2	156	134	228	129.0
2	156	401	638	130.0
2	156	421	772	140.0
2	156	334	728	135.0
2	156	352	716	141.0
2	156	115	803	140.0
2	156	208	840	138.0
2	156	107	764	129.0
2	156	173	692	136.0
2	156	241	582	128.0
8	156	340	398	135.0
2	157	58	72	107.0
2	157	132	125	120.0
2	157	133	228	125.0
2	157	195	669	141.0
2	157	361	729	130.0
2	158	336	728	133.0
2	159	205	169	131.0
2	159	403	426	145.0
2	159	203	517	142.0
2	159	395	804	145.0
2	159	187	718	137.0
2	159	168	889	128.0
2	159	198	629	137.0
2	159	192	640	133.0
2	159	250	560	128.0
2	159	226	611	129.0
2	159	226	621	131.0
2	160	397	593	124.0
2	160	361	891	109.0
2	161	177	264	131.0
2	161	225	421	125.0
2	161	190	639	129.0
2	161	375	619	137.0
2	161	217	697	127.0
2	161	181	814	128.0
2	161	140	811	126.0
2	161	100	798	138.0
2	162	127	76	111.0
2	162	145	163	126.0
2	162	244	181	106.0
2	162	322	686	128.0
2	162	412	683	130.0
2	162	409	879	104.0
2	162	131	898	136.0
2	162	74	701	132.0
2	162	187	719	134.0
2	162	217	696	126.0
2	162	62	630	132.0
2	162	110	641	130.0
2	163	380	631	141.0
2	164	307	328	123.0
2	165	307	331	127.0
2	165	281	873	122.0
2	165	318	886	119.0
2	165	133	557	146.0
2	166	196	628	141.0
2	166	380	633	149.0
2	166	314	870	131.0
2	166	177	860	130.0
2	166	60	814	134.0
2	166	22	812	134.0
2	167	374	389	127.0
2	167	387	886	109.0
2	168	421	494	138.0
2	168	200	389	133.0
2	168	167	609	136.0
2	168	389	652	140.0
2	168	439	607	130.0
2	168	325	845	136.0
2	168	381	631	143.0
2	168	376	619	141.0
2	168	335	728	139.0
2	168	111	835	135.0
2	168	177	800	140.0
2	168	141	654	137.0
2	169	173	112	108.0
2	169	256	200	120.0
8	169	116	516	132.0
2	170	141	278	122.0
2	170	416	645	131.0
2	170	309	797	136.0
2	170	243	762	127.0
2	170	237	787	133.0
2	170	287	806	134.0
2	170	361	892	108.0
2	170	133	828	129.0
2	170	60	814	131.0
2	170	164	610	130.0
8	170	22	507	131.0
2	171	241	890	133.0
2	171	83	867	130.0
2	172	377	618	131.0
2	172	407	655	144.0
2	173	46	202	133.0
2	173	153	870	138.0
2	173	90	595	128.0
2	174	30	65	109.0
2	175	202	406	128.0
2	175	183	815	136.0
2	176	117	517	144.0
2	176	83	809	133.0
2	176	214	866	128.0
2	176	184	815	137.0
2	176	46	631	140.0
8	176	328	380	125.0
2	177	48	245	139.0
2	177	239	646	140.0
2	177	408	654	141.0
2	177	216	864	140.0
2	177	205	851	134.0
2	177	168	886	134.0
2	177	50	851	144.0
2	177	38	828	141.0
2	177	82	807	129.0
8	177	18	557	132.0
2	179	292	789	140.0
2	179	408	655	144.0
2	179	386	886	119.0
2	179	305	858	151.0
2	179	10	858	139.0
2	179	122	864	153.0
2	179	161	755	130.0
2	179	83	865	151.0
2	179	59	897	142.0
2	179	208	808	135.0
2	179	135	701	145.0
2	180	179	466	106.0
2	180	178	632	131.0
2	180	317	888	113.0
2	180	155	871	134.0
2	180	18	791	130.0
2	181	56	163	131.0
2	181	418	632	139.0
2	181	292	788	141.0
2	182	192	353	114.0
2	182	126	540	127.0
2	182	178	846	129.0
2	182	100	559	131.0
2	184	235	660	134.0
2	184	314	728	133.0
2	184	309	764	134.0
2	184	205	854	134.0
2	184	101	861	128.0
2	184	113	880	132.0
2	184	99	800	136.0
2	184	104	624	128.0
2	184	238	645	122.0
2	185	328	379	132.0
2	185	391	649	132.0
2	185	315	726	137.0
2	187	381	472	123.0
2	187	308	765	142.0
2	187	439	879	147.0
2	187	268	384	115.0
2	187	362	821	136.0
2	187	435	810	140.0
2	187	431	834	132.0
2	187	342	895	108.0
2	187	176	858	139.0
2	187	53	691	137.0
2	188	169	121	139.0
2	188	194	154	136.0
2	188	163	811	139.0
2	189	163	79	112.0
2	189	156	96	115.0
2	189	162	757	123.0
2	189	437	881	138.0
2	189	175	833	122.0
8	189	42	629	136.0
8	189	60	450	131.0
2	190	140	204	135.0
2	190	328	359	137.0
2	190	60	453	127.0
2	190	331	830	139.0
2	190	86	779	143.0
2	190	160	811	130.0
2	191	121	207	128.0
2	191	434	811	138.0
2	191	331	830	141.0
2	191	373	660	123.0
2	191	21	870	139.0
2	192	326	739	145.0
2	192	314	346	132.0
2	193	406	478	144.0
2	193	436	533	150.0
2	193	417	633	127.0
2	193	376	659	131.0
2	193	87	821	132.0
2	193	87	692	128.0
2	194	409	748	152.0
2	194	24	506	139.0
2	195	49	238	123.0
2	195	450	875	127.0
2	195	92	641	125.0
2	195	181	632	138.0
2	197	131	148	135.0
2	197	376	352	125.0
2	197	136	431	134.0
2	197	240	431	134.0
2	197	202	898	140.0
2	198	356	390	120.0
2	198	152	643	132.0
2	198	223	896	129.0
2	198	240	890	116.0
2	198	82	734	131.0
2	199	401	466	155.0
2	199	129	90	127.0
2	199	131	459	128.0
3	200	250	555	124.0
3	200	351	401	123.0
3	201	362	633	135.0
3	201	184	452	133.0
3	201	177	832	137.0
3	202	135	70	121.0
3	202	143	190	124.0
3	202	243	420	121.0
3	202	402	463	146.0
3	202	433	497	136.0
3	202	135	703	134.0
3	202	202	896	139.0
3	203	365	822	122.0
2	204	313	343	127.0
3	204	234	398	125.0
3	204	219	649	136.0
3	204	465	590	151.0
3	205	326	360	139.0
3	205	353	405	124.0
3	205	219	168	112.0
3	206	141	203	136.0
3	206	366	822	134.0
8	206	60	411	133.0
3	207	428	782	129.0
3	207	359	802	141.0
3	207	453	577	146.0
3	207	67	830	130.0
3	207	222	684	134.0
8	207	51	694	133.0
8	207	359	419	117.0
2	209	15	825	128.0
3	209	353	623	138.0
3	209	339	787	159.0
3	209	384	861	128.0
3	209	52	83	124.0
3	209	254	480	98.0
3	209	383	475	127.0
3	209	349	642	134.0
3	209	340	852	134.0
3	209	187	881	137.0
3	209	149	684	136.0
8	209	153	360	121.0
8	209	48	398	134.0
2	211	60	495	134.0
3	211	383	486	129.0
3	211	129	154	131.0
3	211	126	92	105.0
3	211	361	634	121.0
3	211	87	823	130.0
3	211	67	858	117.0
3	212	361	432	136.0
3	212	271	495	126.0
3	212	398	775	145.0
3	212	49	889	140.0
3	212	180	694	129.0
3	212	153	622	128.0
3	213	361	429	130.0
8	213	34	644	139.0
3	214	154	359	131.0
3	214	349	642	131.0
3	215	386	515	124.0
3	215	130	418	132.0
3	215	46	395	134.0
3	215	253	478	109.0
3	215	326	739	118.0
3	215	313	748	140.0
3	215	284	887	131.0
3	215	98	733	137.0
3	215	130	607	137.0
3	216	133	139	117.0
3	216	371	722	104.0
3	216	421	767	135.0
3	216	452	873	123.0
3	216	232	179	123.0
3	216	151	513	115.0
3	216	211	586	126.0
3	216	362	416	121.0
3	216	190	428	127.0
3	216	310	797	138.0
3	216	157	736	138.0
3	216	154	884	134.0
3	216	83	884	110.0
8	216	3	768	126.0
8	216	3	752	139.0
8	216	2	735	134.0
3	218	352	867	132.0
3	218	368	875	140.0
3	218	68	90	122.0
3	218	116	531	129.0
3	218	144	469	129.0
3	218	365	443	121.0
3	218	170	711	129.0
3	218	83	882	119.0
3	218	74	774	126.0
8	218	353	404	130.0
8	218	44	418	126.0
3	219	362	415	130.0
3	220	377	646	121.0
3	220	130	413	113.0
8	220	6	675	133.0
3	221	378	644	134.0
3	221	117	811	132.0
3	221	176	870	141.0
3	221	207	887	143.0
3	221	128	658	139.0
8	221	340	373	138.0
3	222	107	387	128.0
3	222	154	620	123.0
3	222	176	877	139.0
3	223	419	599	130.0
3	223	366	743	134.0
3	223	52	83	118.0
3	223	61	409	136.0
3	223	371	721	138.0
3	223	68	856	130.0
3	223	133	882	131.0
3	223	219	881	138.0
3	224	339	369	124.0
3	224	374	397	118.0
3	225	431	797	143.0
3	225	71	76	117.0
3	225	153	358	125.0
3	225	251	657	149.0
3	225	150	682	135.0
3	225	366	741	113.0
3	225	297	864	128.0
3	226	49	838	141.0
2	227	7	799	125.0
3	227	420	482	137.0
3	227	224	456	135.0
3	227	221	497	116.0
3	227	417	615	133.0
3	227	221	683	126.0
3	227	302	884	140.0
3	227	153	799	135.0
8	227	20	581	138.0
3	228	396	676	135.0
3	228	392	662	147.0
3	229	349	732	128.0
3	229	130	105	122.0
3	229	193	172	116.0
3	229	172	226	126.0
3	229	184	449	127.0
3	229	205	427	129.0
3	229	418	599	131.0
3	229	430	801	142.0
3	229	407	690	127.0
3	229	156	734	130.0
3	229	180	806	87.0
3	229	287	854	128.0
3	229	85	848	141.0
3	231	434	825	143.0
3	231	36	85	103.0
3	231	272	494	119.0
3	231	397	773	130.0
3	231	219	885	129.0
3	232	37	510	115.0
3	232	61	407	131.0
3	232	298	867	125.0
3	232	303	885	131.0
3	232	146	897	135.0
3	232	160	899	141.0
3	232	176	898	134.0
3	232	210	584	131.0
8	232	383	484	131.0
8	232	222	455	121.0
8	232	193	425	131.0
8	232	44	415	123.0
3	233	174	226	107.0
3	233	285	855	132.0
3	234	323	693	138.0
3	234	396	679	145.0
3	234	98	872	144.0
3	234	89	662	141.0
3	234	133	581	139.0
3	234	238	632	140.0
3	234	49	836	144.0
3	235	191	426	124.0
3	235	205	426	125.0
3	235	273	494	115.0
3	235	45	415	125.0
3	236	396	820	144.0
3	236	142	170	124.0
3	236	241	633	133.0
3	236	184	694	123.0
3	237	222	498	121.0
3	237	63	469	134.0
3	237	153	884	130.0
3	237	154	798	132.0
3	237	71	689	134.0
3	238	449	829	147.0
3	238	440	860	107.0
3	238	403	889	117.0
3	239	63	510	140.0
3	240	447	493	134.0
3	240	460	881	144.0
3	240	230	869	128.0
3	240	259	800	135.0
3	240	321	894	121.0
3	240	173	642	124.0
3	240	26	822	123.0
3	242	407	690	124.0
3	242	172	644	121.0
3	242	161	825	135.0
3	243	329	775	135.0
3	243	383	893	127.0
3	243	357	896	130.0
3	243	199	595	129.0
3	243	434	812	141.0
3	243	413	668	142.0
3	243	97	888	132.0
3	243	160	837	136.0
3	243	134	756	134.0
3	243	125	725	126.0
3	243	110	601	144.0
3	245	461	549	159.0
3	246	259	802	139.0
3	246	403	892	130.0
3	246	141	871	143.0
3	246	50	822	129.0
3	246	189	900	145.0
3	247	433	572	154.0
3	247	43	97	110.0
3	247	145	76	120.0
3	247	56	91	118.0
3	247	411	495	140.0
3	247	136	618	130.0
3	247	189	383	127.0
3	247	176	769	139.0
3	247	66	839	136.0
8	247	4	603	138.0
3	248	68	841	135.0
3	248	123	857	142.0
3	248	252	658	138.0
8	248	339	397	137.0
3	249	324	893	121.0
3	249	44	433	118.0
3	249	148	531	119.0
3	249	219	659	125.0
3	251	178	769	137.0
3	251	102	787	133.0
3	251	121	786	136.0
3	251	97	759	123.0
3	251	137	637	131.0
3	251	62	875	124.0
3	251	47	822	123.0
3	252	137	218	134.0
3	252	37	74	125.0
3	252	176	457	124.0
3	252	191	894	149.0
3	252	22	876	145.0
8	252	13	637	136.0
8	252	13	692	140.0
8	252	390	661	144.0
3	253	423	775	136.0
3	253	209	183	130.0
3	253	228	197	121.0
3	254	360	612	125.0
3	254	157	88	116.0
3	254	73	103	126.0
3	254	367	454	137.0
3	254	147	709	141.0
3	254	304	841	129.0
3	254	149	783	143.0
3	254	66	726	137.0
3	254	107	657	134.0
8	254	224	435	131.0
3	255	410	495	145.0
3	256	343	717	133.0
3	256	462	878	147.0
3	256	223	436	122.0
3	256	160	835	134.0
3	257	306	841	143.0
3	257	390	661	140.0
3	257	62	874	137.0
3	257	101	809	136.0
3	258	204	872	138.0
3	259	382	495	134.0
2	260	281	808	127.0
3	260	338	379	115.0
3	260	333	448	92.0
3	260	402	621	120.0
3	260	88	801	132.0
8	260	207	389	131.0
8	260	185	380	134.0
8	260	49	329	128.0
3	261	138	636	144.0
3	261	208	391	135.0
3	261	498	604	146.0
3	261	229	691	137.0
3	262	59	88	117.0
3	262	213	487	119.0
3	262	384	711	136.0
3	262	394	820	144.0
3	262	324	705	136.0
3	262	341	718	138.0
3	262	133	805	137.0
3	262	46	877	136.0
3	262	159	820	139.0
3	262	116	757	139.0
3	262	205	871	137.0
3	263	339	398	141.0
3	263	44	116	122.0
3	263	53	65	133.0
3	263	133	123	124.0
3	263	44	461	136.0
3	263	326	704	142.0
3	263	265	870	137.0
3	265	370	470	134.0
3	265	149	110	122.0
3	265	131	194	132.0
3	265	231	212	130.0
3	265	239	437	131.0
3	265	107	822	120.0
3	265	116	551	140.0
3	265	38	888	148.0
3	267	417	581	133.0
3	267	394	604	132.0
3	267	384	714	143.0
3	267	341	823	143.0
3	267	81	83	115.0
3	267	164	63	113.0
3	267	117	554	138.0
3	268	383	454	133.0
3	268	206	869	138.0
3	268	82	862	135.0
3	268	52	860	146.0
3	268	81	619	135.0
8	268	382	495	141.0
3	269	57	93	121.0
3	269	112	61	116.0
3	269	244	191	113.0
3	269	240	227	118.0
3	271	72	98	122.0
3	271	340	823	144.0
3	271	67	697	130.0
3	271	88	698	133.0
3	271	73	789	129.0
8	271	315	349	123.0
8	271	176	455	132.0
3	272	178	349	146.0
3	272	49	333	143.0
3	272	165	696	143.0
3	272	14	854	136.0
8	272	71	786	130.0
3	273	449	887	140.0
3	273	98	60	123.0
3	273	116	836	146.0
3	273	116	701	147.0
3	273	83	639	123.0
3	274	179	317	139.0
3	274	204	165	120.0
3	274	47	355	124.0
3	274	450	889	141.0
8	274	230	426	132.0
3	276	127	57	107.0
3	276	126	544	132.0
3	276	264	871	133.0
3	276	81	760	132.0
3	276	229	693	129.0
3	276	46	876	135.0
3	277	43	480	138.0
3	279	82	60	132.0
3	279	61	315	137.0
3	279	306	898	149.0
3	279	103	621	138.0
8	279	177	321	145.0
8	279	49	359	137.0
3	280	384	836	138.0
3	280	477	868	150.0
3	280	163	121	106.0
3	281	365	387	111.0
3	281	229	426	132.0
3	281	228	694	136.0
8	281	56	491	140.0
3	282	11	72	113.0
3	282	101	690	129.0
3	282	86	600	105.0
3	283	213	201	127.0
3	283	452	592	157.0
3	284	112	69	120.0
3	285	177	349	138.0
3	285	144	63	130.0
3	285	186	634	135.0
3	285	160	631	128.0
3	285	212	487	131.0
3	285	181	860	131.0
3	285	129	595	136.0
3	285	34	826	149.0
3	286	86	68	124.0
3	286	131	71	123.0
3	287	395	745	140.0
3	287	214	553	130.0
3	288	131	95	128.0
3	288	109	75	115.0
3	288	215	556	132.0
8	288	26	603	140.0
3	290	63	378	134.0
3	290	152	147	134.0
3	290	312	803	146.0
3	290	48	840	152.0
3	290	171	880	141.0
3	290	69	851	142.0
3	290	16	829	146.0
4	290	359	660	135.0
3	291	150	97	117.0
3	292	374	653	138.0
3	292	173	707	132.0
4	292	413	639	140.0
8	292	499	898	151.0
3	293	152	142	125.0
3	293	122	490	118.0
3	294	472	884	141.0
3	294	161	115	140.0
3	294	58	116	124.0
3	295	331	371	130.0
3	295	160	120	123.0
3	295	468	583	141.0
3	295	170	884	142.0
8	295	215	487	125.0
3	296	73	115	116.0
3	296	59	111	125.0
3	296	96	835	136.0
3	296	115	897	137.0
4	296	154	144	127.0
8	296	303	338	128.0
8	296	229	424	130.0
3	297	73	121	130.0
3	297	202	463	143.0
3	298	193	162	111.0
3	298	60	489	138.0
3	299	32	97	127.0
4	299	202	526	139.0
8	299	62	439	140.0
3	300	32	89	114.0
4	300	64	439	121.0
8	300	258	431	113.0
4	301	375	654	142.0
4	301	139	847	137.0
4	303	163	530	113.0
8	303	205	439	131.0
4	304	135	148	128.0
4	304	385	834	134.0
4	304	96	863	136.0
8	304	344	739	122.0
8	304	401	705	127.0
8	304	329	372	124.0
4	305	443	844	153.0
4	306	58	110	117.0
4	306	405	485	150.0
4	306	354	645	142.0
3	307	168	680	137.0
3	307	167	697	137.0
4	307	425	793	131.0
4	307	254	430	115.0
4	307	203	524	124.0
8	307	173	475	134.0
4	308	61	126	128.0
4	308	30	105	135.0
4	308	161	876	146.0
4	308	220	891	149.0
8	308	200	526	142.0
4	309	328	851	150.0
4	309	195	183	124.0
4	309	177	168	120.0
4	309	204	462	143.0
4	309	63	458	131.0
4	309	165	528	112.0
8	309	259	479	114.0
4	310	66	356	148.0
4	310	184	490	135.0
4	310	258	482	138.0
4	310	239	461	134.0
4	310	436	623	172.0
4	310	280	846	146.0
4	310	205	894	149.0
4	310	73	876	148.0
4	310	111	725	145.0
4	310	219	708	140.0
4	310	260	648	156.0
4	312	136	105	141.0
4	312	63	374	146.0
4	312	353	434	138.0
4	312	206	408	147.0
4	312	414	607	146.0
4	312	179	894	143.0
4	312	163	873	158.0
4	312	85	819	146.0
8	312	31	694	150.0
8	312	350	418	138.0
8	312	62	458	153.0
4	313	321	769	145.0
4	313	398	744	142.0
4	313	416	750	145.0
4	313	107	105	130.0
4	313	167	48	112.0
4	313	181	149	133.0
4	313	263	647	141.0
4	313	312	889	128.0
4	313	218	710	132.0
4	313	141	835	154.0
4	313	137	849	134.0
4	314	345	737	161.0
4	314	224	511	110.0
4	315	232	637	157.0
4	315	476	595	150.0
4	315	353	643	157.0
4	315	168	806	148.0
4	315	315	885	139.0
4	315	119	866	155.0
4	315	144	833	160.0
8	315	483	897	159.0
4	316	483	900	148.0
4	317	178	521	150.0
4	317	171	476	131.0
4	317	350	419	139.0
4	318	368	727	158.0
4	318	377	895	160.0
4	318	124	84	130.0
4	318	48	251	133.0
4	318	228	186	135.0
4	318	381	666	146.0
4	318	122	658	153.0
4	318	93	877	153.0
4	319	127	207	141.0
4	319	48	251	138.0
4	319	61	88	140.0
4	319	260	466	143.0
4	319	224	510	114.0
4	319	191	867	145.0
8	319	379	668	152.0
8	319	203	461	163.0
4	320	29	105	136.0
4	320	138	105	132.0
4	320	134	170	140.0
8	320	241	459	136.0
4	321	106	55	131.0
4	321	108	796	144.0
4	321	84	686	139.0
4	321	221	888	149.0
3	322	135	132	133.0
4	322	168	678	135.0
4	322	12	845	128.0
8	322	409	681	134.0
4	324	134	169	139.0
4	324	263	365	145.0
4	324	201	478	139.0
4	324	323	752	154.0
4	324	329	848	162.0
4	324	443	845	162.0
4	324	353	779	148.0
4	324	311	858	151.0
4	324	116	818	145.0
4	324	119	612	139.0
8	324	395	727	153.0
4	326	41	123	142.0
4	326	96	91	121.0
4	326	50	296	148.0
4	326	366	534	227.0
4	326	380	520	139.0
4	326	154	804	146.0
4	326	129	705	145.0
4	326	82	844	151.0
8	326	411	654	158.0
4	327	230	221	131.0
4	327	233	234	131.0
4	328	147	129	146.0
8	328	66	404	145.0
8	328	214	454	145.0
4	329	146	123	141.0
4	329	157	542	133.0
4	329	396	897	156.0
8	329	204	459	145.0
8	329	204	438	132.0
4	330	346	611	143.0
4	330	414	592	142.0
8	330	64	499	138.0
4	331	121	87	119.0
8	331	366	731	153.0
8	331	409	683	140.0
4	332	346	737	161.0
4	332	346	610	148.0
4	332	73	801	137.0
4	332	65	836	153.0
8	332	288	332	153.0
4	333	50	470	135.0
4	333	192	622	144.0
8	333	73	803	115.0
8	333	256	492	138.0
4	334	77	127	128.0
4	335	146	80	138.0
4	335	201	493	142.0
4	335	189	777	154.0
4	335	110	851	151.0
4	335	26	837	149.0
4	335	18	860	144.0
8	335	261	468	135.0
4	336	168	148	124.0
4	337	50	290	131.0
4	337	405	466	144.0
4	337	241	606	139.0
4	337	412	654	142.0
4	337	394	730	143.0
4	337	269	865	141.0
4	337	211	682	138.0
4	337	187	869	143.0
4	337	56	878	143.0
4	337	122	802	132.0
8	337	350	782	144.0
8	337	344	392	137.0
8	337	145	447	135.0
4	338	394	727	148.0
4	338	98	88	112.0
4	338	214	171	126.0
4	338	213	199	132.0
4	339	360	459	140.0
8	339	213	452	136.0
8	339	261	464	136.0
4	340	349	836	149.0
4	340	103	532	148.0
4	340	257	490	124.0
4	340	149	519	121.0
4	340	499	589	149.0
4	340	451	878	151.0
4	340	380	865	129.0
4	340	94	722	137.0
4	340	245	683	129.0
8	340	180	518	138.0
4	341	154	113	134.0
4	342	131	806	143.0
8	342	6	690	138.0
4	343	193	446	149.0
4	343	288	858	142.0
4	343	52	890	146.0
4	344	227	558	127.0
4	344	146	732	138.0
4	344	168	809	148.0
8	344	9	590	131.0
8	344	381	719	137.0
4	345	216	449	121.0
4	345	62	524	139.0
4	345	52	377	144.0
4	346	107	76	130.0
4	346	13	59	119.0
4	346	40	137	121.0
4	346	359	443	136.0
4	346	321	767	151.0
4	346	161	857	152.0
4	346	148	732	144.0
8	346	375	500	133.0
8	346	51	378	147.0
4	347	381	718	135.0
4	347	69	138	119.0
4	347	180	516	139.0
4	348	151	156	130.0
4	348	148	100	134.0
4	348	245	681	133.0
8	348	94	653	140.0
8	348	226	439	143.0
4	349	231	190	147.0
4	349	212	196	133.0
4	349	44	494	152.0
4	349	156	540	127.0
4	349	392	650	138.0
4	349	357	790	153.0
4	349	132	806	146.0
5	349	100	753	151.0
4	350	148	517	130.0
4	351	68	306	137.0
4	351	350	632	133.0
4	351	147	751	154.0
4	351	90	802	136.0
8	351	408	692	141.0
8	351	193	446	128.0
8	351	224	442	142.0
8	351	53	331	123.0
4	353	83	96	123.0
4	353	395	458	134.0
4	353	422	472	143.0
4	353	194	886	147.0
4	353	159	864	135.0
8	353	69	473	134.0
4	354	146	448	133.0
4	354	67	401	141.0
4	354	371	879	147.0
4	355	397	896	140.0
4	355	380	864	111.0
4	355	86	77	133.0
4	355	369	484	131.0
4	355	135	537	132.0
4	355	269	614	134.0
4	355	408	567	110.0
4	355	183	647	140.0
4	356	81	104	124.0
4	356	164	176	122.0
3	357	226	546	134.0
3	357	228	555	143.0
4	357	79	121	124.0
4	357	191	879	154.0
4	358	325	732	151.0
4	358	372	883	130.0
4	358	452	878	137.0
4	358	116	124	119.0
4	358	53	328	140.0
4	358	70	137	114.0
8	358	244	605	126.0
4	359	70	303	153.0
4	359	136	537	152.0
4	359	228	554	145.0
4	359	222	441	147.0
4	360	455	892	147.0
4	360	166	340	135.0
4	360	186	367	128.0
4	360	131	65	130.0
4	360	183	604	138.0
4	360	139	899	142.0
4	360	131	876	142.0
8	360	245	448	132.0
8	360	214	448	133.0
4	361	42	138	136.0
4	361	66	477	126.0
4	361	137	535	142.0
4	362	154	70	116.0
4	362	73	90	121.0
4	362	24	72	128.0
4	362	287	860	133.0
4	362	165	894	141.0
8	362	358	788	147.0
4	363	158	435	140.0
4	363	73	884	153.0
4	364	332	894	140.0
4	364	187	366	128.0
4	364	138	896	149.0
4	366	217	211	127.0
4	366	21	88	134.0
4	366	240	257	137.0
4	366	166	341	151.0
4	366	226	545	130.0
4	366	249	864	141.0
4	367	32	125	125.0
4	367	411	614	137.0
4	367	142	694	140.0
8	367	225	543	132.0
4	368	105	593	152.0
4	368	148	706	143.0
8	368	326	364	125.0
4	369	151	169	129.0
4	369	198	199	138.0
4	369	342	408	133.0
8	369	409	663	127.0
4	370	145	57	137.0
4	370	76	462	130.0
4	371	132	547	137.0
4	371	363	847	145.0
4	371	332	895	139.0
4	371	76	721	124.0
8	371	370	485	130.0
8	371	160	436	120.0
8	371	75	462	141.0
4	372	46	157	137.0
4	373	135	187	130.0
4	373	213	184	121.0
4	373	152	111	118.0
4	373	322	867	135.0
8	373	47	449	138.0
8	374	247	377	134.0
8	374	344	407	142.0
8	374	359	405	139.0
4	375	372	813	138.0
4	375	415	808	143.0
4	375	73	153	102.0
4	375	186	160	134.0
4	375	54	327	127.0
4	375	272	782	147.0
4	376	49	269	137.0
4	376	36	100	123.0
4	376	368	471	135.0
4	376	478	604	141.0
4	376	324	729	147.0
4	376	159	687	131.0
4	376	272	833	133.0
8	376	411	626	129.0
4	378	362	845	142.0
4	378	60	114	130.0
4	378	125	59	135.0
4	378	56	90	129.0
4	378	401	480	141.0
4	378	477	605	140.0
4	379	229	241	143.0
4	379	272	780	159.0
4	379	56	563	132.0
4	380	76	418	144.0
4	380	376	499	116.0
4	380	437	592	145.0
4	380	159	672	138.0
8	380	22	629	131.0
4	381	121	89	136.0
4	382	221	228	131.0
4	382	121	88	133.0
4	382	367	544	135.0
4	382	373	813	150.0
4	382	249	865	143.0
4	382	62	861	140.0
4	383	33	126	131.0
4	384	45	152	130.0
4	384	411	641	132.0
4	384	151	705	139.0
4	385	135	107	141.0
4	385	35	115	139.0
4	385	140	673	145.0
4	385	127	714	149.0
4	385	74	685	158.0
8	385	186	491	139.0
8	385	337	386	143.0
4	387	117	73	129.0
4	387	243	448	131.0
4	387	400	490	153.0
4	387	476	583	149.0
8	387	19	595	137.0
8	387	23	696	134.0
4	388	406	690	140.0
4	388	157	672	144.0
4	388	109	561	156.0
4	388	101	605	147.0
4	388	114	778	140.0
4	389	110	99	135.0
4	389	247	472	133.0
4	389	431	579	162.0
4	389	302	843	141.0
4	390	85	144	132.0
4	390	110	666	155.0
4	390	61	855	161.0
8	390	329	376	146.0
4	391	183	170	126.0
8	391	400	679	146.0
4	393	173	179	135.0
4	393	328	514	123.0
4	393	415	808	140.0
4	393	380	695	148.0
4	393	135	722	153.0
4	393	141	692	135.0
4	393	107	887	147.0
4	393	162	576	136.0
4	394	85	145	130.0
4	394	136	131	125.0
4	394	173	867	152.0
4	395	97	103	126.0
4	395	193	219	131.0
4	396	235	882	134.0
4	396	209	876	146.0
4	396	89	849	142.0
4	397	104	122	134.0
4	397	329	514	119.0
4	398	44	851	149.0
8	398	72	445	126.0
4	399	136	87	131.0
4	399	119	687	139.0
4	399	71	685	146.0
4	399	83	780	140.0
8	399	367	513	137.0
8	399	47	231	130.0
5	400	164	575	128.0
8	400	400	714	126.0
5	402	175	188	118.0
5	402	211	241	131.0
5	402	193	215	122.0
5	402	204	222	123.0
5	402	342	621	146.0
5	402	147	776	129.0
5	402	65	615	132.0
5	402	171	621	143.0
8	402	398	715	122.0
8	402	65	430	143.0
5	403	48	231	129.0
5	403	158	247	128.0
5	403	158	269	144.0
8	403	215	509	137.0
8	403	247	471	124.0
5	404	404	679	144.0
5	404	102	701	129.0
5	404	275	650	135.0
5	404	199	612	132.0
5	405	171	619	145.0
5	406	98	89	138.0
5	406	159	246	136.0
5	406	159	269	144.0
8	406	186	500	143.0
5	407	167	161	146.0
5	407	359	521	140.0
5	407	150	884	143.0
5	407	171	871	152.0
8	407	84	700	142.0
8	407	392	665	151.0
8	407	311	356	131.0
8	407	247	472	124.0
5	408	63	502	135.0
5	409	150	175	121.0
5	409	108	121	131.0
4	410	82	699	144.0
5	410	188	489	142.0
5	410	125	887	156.0
5	410	119	754	129.0
5	411	96	86	130.0
5	411	99	101	135.0
5	411	356	450	131.0
8	411	18	683	82.0
5	412	72	105	125.0
5	412	29	83	132.0
5	412	361	494	127.0
5	413	216	509	141.0
5	413	391	663	149.0
5	413	362	895	123.0
5	414	377	535	144.0
5	414	37	791	146.0
8	415	386	548	132.0
8	415	381	533	128.0
5	416	89	106	113.0
5	416	148	67	123.0
5	416	342	618	137.0
5	416	37	823	148.0
5	417	206	229	136.0
4	418	348	649	130.0
5	418	219	211	126.0
5	418	123	484	144.0
5	418	90	121	115.0
5	418	188	514	127.0
5	418	142	663	140.0
5	418	86	880	139.0
5	419	88	127	118.0
5	420	103	142	113.0
5	420	210	202	133.0
5	420	68	488	131.0
5	420	201	611	133.0
8	420	79	750	131.0
5	421	71	317	134.0
5	421	55	126	135.0
5	421	219	260	123.0
5	421	215	620	140.0
5	421	416	818	139.0
5	421	95	680	141.0
5	421	84	804	149.0
5	422	49	508	133.0
8	422	215	621	123.0
5	423	276	648	151.0
8	423	30	604	150.0
8	423	331	716	160.0
8	423	336	747	154.0
5	424	377	885	129.0
5	424	80	752	125.0
5	425	37	135	131.0
5	425	366	511	141.0
5	425	59	886	130.0
5	427	146	191	134.0
5	427	235	192	137.0
5	427	186	499	132.0
5	427	409	581	137.0
5	427	340	859	152.0
5	427	123	860	155.0
5	427	101	864	153.0
8	427	49	477	142.0
8	427	360	494	126.0
5	429	229	251	143.0
5	429	130	473	145.0
5	429	14	865	153.0
5	430	114	113	129.0
5	430	356	466	127.0
8	430	364	662	148.0
5	431	90	127	123.0
5	432	231	252	134.0
5	432	121	80	133.0
5	432	194	178	136.0
5	432	65	537	141.0
5	432	46	834	150.0
5	432	102	815	156.0
5	432	103	786	150.0
5	432	28	844	145.0
8	432	294	349	136.0
5	434	180	368	129.0
5	434	384	547	137.0
5	434	387	734	147.0
5	434	27	852	155.0
5	434	17	832	156.0
8	434	34	686	137.0
5	435	359	878	131.0
5	435	59	885	133.0
8	435	356	478	131.0
5	436	235	269	141.0
5	436	191	886	151.0
5	436	45	858	152.0
8	436	6	779	137.0
8	436	2	796	137.0
5	437	48	209	126.0
5	438	62	119	118.0
5	438	67	842	145.0
8	438	42	464	142.0
5	439	182	216	120.0
8	439	362	699	136.0
5	441	168	883	130.0
5	441	275	796	130.0
5	441	174	701	131.0
5	441	147	899	146.0
5	441	238	679	141.0
5	443	170	631	97.0
5	443	191	886	142.0
5	443	101	645	144.0
5	444	61	117	113.0
5	445	181	365	141.0
5	445	121	361	132.0
5	445	80	167	132.0
5	445	357	478	133.0
5	446	81	167	132.0
8	446	57	279	130.0
5	447	47	168	126.0
5	447	52	250	118.0
5	447	413	481	138.0
5	447	242	681	143.0
8	447	400	701	147.0
5	448	128	123	133.0
5	448	67	141	130.0
5	448	204	894	147.0
5	448	187	686	134.0
5	448	12	848	160.0
8	448	352	684	137.0
8	448	54	456	131.0
5	449	63	570	151.0
5	449	94	887	142.0
5	449	63	893	148.0
8	449	169	525	146.0
5	450	124	132	139.0
5	450	176	595	130.0
5	450	40	149	127.0
5	450	220	889	140.0
8	450	7	635	139.0
8	450	5	619	144.0
8	450	13	608	143.0
8	450	26	601	138.0
5	451	170	526	143.0
5	452	169	582	113.0
5	452	43	108	133.0
5	452	329	792	139.0
5	452	141	641	138.0
8	452	43	422	131.0
8	452	54	251	112.0
5	453	164	154	131.0
5	454	63	589	147.0
5	454	47	873	124.0
8	454	401	656	148.0
8	454	181	365	130.0
5	455	415	817	134.0
5	455	68	140	134.0
5	455	115	94	125.0
5	456	78	132	135.0
5	457	41	123	122.0
5	457	223	234	131.0
5	457	197	452	143.0
5	457	116	93	131.0
5	457	198	788	138.0
5	457	190	771	142.0
5	457	205	898	127.0
5	457	153	800	142.0
8	457	359	829	146.0
8	457	157	450	122.0
5	458	164	190	138.0
5	459	125	186	133.0
5	459	131	111	118.0
5	460	183	167	136.0
5	460	120	170	125.0
5	460	166	213	134.0
5	460	113	607	135.0
5	461	158	448	118.0
5	461	190	588	140.0
5	461	119	170	126.0
5	461	155	799	136.0
4	463	122	691	141.0
5	463	164	192	139.0
5	463	49	209	131.0
5	463	182	170	131.0
5	463	364	856	137.0
5	463	76	884	144.0
5	463	69	866	136.0
5	463	79	788	142.0
5	463	68	712	130.0
8	463	20	647	141.0
5	464	93	159	130.0
5	464	150	205	129.0
5	464	165	51	137.0
5	464	158	253	144.0
8	464	199	453	137.0
5	465	167	210	148.0
5	465	141	179	142.0
5	465	208	263	149.0
5	465	93	159	139.0
5	465	345	630	160.0
5	465	34	862	161.0
8	465	40	446	149.0
5	466	108	126	129.0
5	466	239	896	131.0
5	466	187	685	131.0
5	466	338	897	139.0
5	466	132	619	131.0
8	466	155	424	118.0
5	468	149	58	145.0
5	468	161	151	121.0
5	468	221	888	140.0
5	468	83	713	145.0
8	468	57	277	130.0
5	469	41	117	147.0
5	470	155	424	124.0
5	470	148	203	126.0
5	470	349	442	120.0
8	470	115	802	140.0
8	470	7	576	145.0
5	471	108	131	142.0
5	471	50	591	156.0
8	471	155	477	124.0
5	472	157	475	121.0
5	472	58	276	129.0
5	472	193	202	141.0
5	472	68	509	132.0
5	473	135	220	134.0
5	474	334	879	143.0
5	474	141	690	140.0
8	474	36	623	142.0
8	474	335	411	110.0
5	475	22	113	134.0
5	475	253	428	134.0
5	475	357	529	123.0
5	475	185	872	140.0
8	475	21	648	145.0
5	477	136	218	134.0
5	477	101	106	128.0
5	477	137	886	150.0
8	477	367	547	141.0
8	477	357	530	79.0
8	477	209	508	136.0
8	477	123	342	140.0
8	477	124	360	144.0
5	479	20	88	123.0
5	479	122	104	122.0
5	479	85	182	131.0
5	479	130	52	121.0
5	479	158	251	128.0
5	479	171	324	139.0
5	479	178	593	133.0
5	479	208	505	130.0
5	479	62	857	141.0
8	479	74	451	128.0
5	480	66	857	146.0
5	480	120	801	143.0
5	480	127	581	145.0
5	481	185	483	136.0
5	481	145	63	125.0
5	481	174	640	136.0
5	482	65	555	137.0
8	482	171	328	129.0
5	483	122	343	149.0
5	483	47	522	134.0
5	483	60	525	137.0
5	483	74	527	132.0
8	483	294	779	139.0
5	484	100	145	115.0
5	484	154	183	133.0
5	484	207	247	131.0
5	484	190	263	136.0
5	484	147	161	146.0
5	484	44	489	137.0
8	484	79	465	139.0
8	484	102	448	126.0
8	485	349	443	133.0
8	485	252	428	136.0
5	486	193	618	143.0
5	486	365	577	134.0
5	486	139	887	134.0
8	486	335	825	148.0
8	486	78	467	135.0
5	488	218	221	133.0
5	488	236	279	131.0
5	488	57	149	137.0
5	488	91	125	138.0
5	488	99	898	132.0
5	488	92	748	139.0
5	488	176	637	139.0
8	488	13	742	141.0
5	489	58	152	151.0
5	489	70	123	133.0
5	489	221	272	137.0
5	490	200	227	134.0
5	490	70	119	131.0
5	490	293	777	143.0
5	490	141	686	135.0
5	491	174	198	139.0
5	491	184	873	148.0
5	491	195	618	138.0
5	491	155	567	136.0
8	491	368	520	144.0
5	492	50	807	124.0
5	493	31	112	137.0
5	493	37	163	135.0
5	493	221	200	129.0
5	493	189	604	131.0
5	495	73	156	149.0
5	495	155	568	125.0
5	495	153	583	132.0
5	495	234	305	132.0
5	495	347	454	127.0
5	495	347	470	127.0
5	495	200	633	145.0
5	495	161	670	145.0
5	496	16	126	137.0
5	496	99	711	145.0
5	496	294	779	141.0
5	496	99	761	147.0
5	496	175	592	145.0
8	496	347	469	130.0
5	497	174	199	130.0
6	497	64	241	121.0
5	499	145	192	132.0
5	499	223	267	131.0
5	499	177	864	138.0
5	499	158	887	137.0
5	499	54	844	130.0
5	499	66	832	139.0
5	499	54	821	141.0
5	499	30	874	145.0
5	499	31	802	138.0
8	499	327	394	132.0
5	500	51	552	146.0
6	500	152	223	136.0
6	501	367	520	151.0
8	501	9	560	156.0
4	502	177	888	152.0
5	502	113	890	144.0
5	502	152	583	139.0
6	502	18	150	126.0
6	502	196	672	151.0
6	502	36	816	153.0
6	504	232	478	142.0
8	504	77	812	138.0
6	505	82	671	146.0
6	505	135	761	133.0
8	505	347	453	136.0
8	505	187	483	137.0
6	506	151	217	139.0
6	506	470	599	142.0
8	506	324	729	148.0
8	506	391	719	129.0
6	507	114	622	147.0
6	507	118	732	145.0
8	507	319	374	145.0
6	508	193	604	130.0
6	508	177	661	136.0
8	508	80	673	137.0
8	508	82	487	131.0
6	509	219	257	142.0
6	510	212	444	130.0
6	510	51	551	146.0
6	510	176	661	140.0
6	510	202	632	140.0
8	510	343	667	135.0
6	511	111	198	137.0
6	511	168	264	133.0
6	511	112	124	133.0
6	511	160	171	139.0
8	511	7	711	139.0
8	511	20	709	141.0
6	513	87	148	142.0
6	513	229	222	142.0
6	513	365	544	134.0
6	513	169	721	140.0
6	513	121	881	142.0
6	513	104	674	144.0
8	513	21	690	135.0
8	513	22	672	140.0
8	513	401	683	136.0
6	514	83	488	139.0
6	515	200	213	132.0
6	515	129	133	132.0
8	515	360	679	142.0
6	516	47	884	151.0
6	516	80	796	145.0
8	516	233	480	141.0
6	517	49	125	130.0
6	517	103	477	141.0
6	517	81	503	121.0
6	517	133	715	135.0
6	517	171	679	125.0
6	519	125	73	162.0
6	519	353	512	132.0
6	519	494	606	149.0
6	519	77	689	137.0
6	519	145	598	126.0
6	520	196	187	144.0
6	520	430	598	152.0
6	520	22	771	149.0
6	521	169	680	128.0
6	522	216	589	140.0
6	522	146	91	132.0
8	522	8	648	135.0
6	523	112	530	143.0
6	524	168	219	139.0
6	524	163	204	136.0
6	524	185	222	137.0
6	524	205	319	137.0
6	524	209	195	136.0
6	524	229	204	119.0
6	524	85	868	142.0
6	524	169	616	142.0
6	524	119	771	142.0
8	524	7	692	147.0
8	524	7	678	147.0
8	524	5	667	146.0
8	524	307	364	140.0
8	525	166	614	144.0
8	525	100	477	130.0
6	526	109	181	126.0
6	526	264	328	122.0
8	526	8	649	130.0
6	527	235	244	140.0
6	527	125	204	125.0
6	527	98	851	141.0
6	527	74	898	150.0
6	527	106	691	145.0
8	529	381	692	157.0
6	530	204	317	129.0
6	530	54	608	94.0
6	530	158	872	122.0
6	530	212	604	129.0
6	530	133	716	139.0
6	530	61	679	141.0
6	530	164	670	139.0
6	531	35	145	137.0
6	531	171	245	135.0
6	532	217	239	137.0
6	532	221	296	143.0
6	532	350	866	144.0
6	532	62	885	148.0
8	532	263	329	129.0
8	532	246	317	142.0
6	533	137	97	134.0
6	533	52	508	133.0
6	533	11	866	139.0
8	533	85	769	147.0
6	535	222	292	138.0
6	535	181	247	140.0
6	535	53	567	145.0
6	535	58	870	145.0
6	535	99	877	132.0
6	535	49	635	140.0
6	535	118	592	144.0
8	535	81	794	143.0
6	538	137	393	139.0
6	538	130	381	141.0
6	538	182	442	129.0
6	538	347	527	127.0
6	538	224	898	145.0
6	538	88	886	152.0
6	538	19	853	146.0
6	538	35	822	150.0
6	539	125	168	146.0
6	539	78	256	138.0
6	540	173	160	136.0
8	540	61	679	137.0
8	540	376	710	141.0
6	541	113	714	134.0
6	541	61	632	139.0
6	542	35	194	132.0
6	542	218	281	148.0
6	542	123	190	130.0
6	544	97	200	128.0
6	544	267	757	152.0
8	544	67	776	143.0
8	544	349	687	133.0
8	544	227	516	150.0
8	544	185	501	146.0
6	545	121	347	142.0
6	545	185	498	138.0
6	545	229	516	138.0
6	545	164	198	135.0
6	545	398	606	125.0
6	545	163	899	140.0
6	545	211	603	128.0
6	546	23	180	129.0
6	546	237	292	136.0
6	546	56	866	145.0
6	546	137	605	141.0
6	547	78	255	141.0
6	547	71	222	140.0
6	547	215	240	149.0
8	547	333	658	139.0
8	548	351	525	118.0
6	549	52	457	141.0
6	549	368	884	159.0
6	549	358	875	154.0
8	549	18	635	160.0
8	549	106	502	148.0
6	551	98	137	125.0
6	551	116	143	123.0
6	551	56	224	120.0
6	551	196	894	145.0
6	551	159	786	136.0
6	551	16	784	136.0
8	551	9	491	142.0
6	552	144	881	149.0
6	552	105	772	150.0
8	552	184	228	140.0
6	553	52	199	135.0
6	553	169	611	142.0
6	553	188	691	144.0
6	553	149	757	141.0
6	554	207	303	133.0
6	554	238	195	123.0
6	554	243	314	135.0
8	555	328	435	127.0
6	556	175	181	135.0
6	556	378	555	136.0
6	556	31	841	138.0
6	556	6	771	143.0
6	557	91	105	149.0
6	557	84	766	131.0
6	557	64	593	120.0
8	557	119	347	140.0
6	558	9	137	141.0
6	558	160	865	156.0
8	558	327	846	154.0
6	559	45	152	138.0
6	559	215	266	142.0
6	559	205	498	138.0
6	560	244	314	126.0
6	560	206	497	135.0
6	560	185	256	138.0
6	560	72	184	143.0
6	560	126	571	136.0
6	560	150	761	138.0
8	560	122	798	95.0
8	560	21	444	128.0
6	561	123	190	137.0
6	561	183	233	137.0
6	562	205	224	145.0
6	562	183	229	144.0
6	562	21	178	141.0
6	562	214	261	140.0
8	562	19	733	136.0
6	563	173	582	154.0
6	563	173	207	136.0
6	563	383	581	149.0
6	563	55	850	157.0
6	563	186	695	143.0
6	563	49	646	147.0
8	563	11	616	151.0
8	563	130	380	143.0
8	563	134	393	135.0
6	564	174	204	129.0
6	564	74	184	148.0
6	564	65	484	139.0
6	565	196	236	141.0
6	565	6	800	148.0
8	565	41	686	141.0
8	565	34	674	148.0
6	566	224	311	145.0
6	566	126	517	148.0
6	566	50	584	155.0
6	566	196	893	151.0
8	566	187	581	151.0
8	566	306	445	140.0
6	567	200	257	137.0
6	567	44	148	137.0
6	567	305	443	134.0
8	567	321	767	150.0
8	567	348	676	135.0
6	568	106	502	147.0
6	569	221	309	130.0
6	569	109	131	135.0
6	569	350	890	137.0
8	569	38	687	145.0
8	569	34	673	146.0
8	569	370	727	153.0
8	569	323	401	128.0
8	569	79	254	138.0
8	569	78	241	134.0
8	569	137	220	123.0
6	570	161	483	115.0
6	571	149	201	124.0
6	571	106	502	141.0
6	571	362	530	140.0
6	571	83	705	145.0
6	571	286	817	133.0
6	571	69	698	144.0
6	571	81	739	140.0
8	571	98	801	144.0
6	572	382	568	132.0
6	572	143	877	148.0
6	574	174	581	142.0
6	574	132	865	153.0
6	574	227	650	138.0
6	574	70	858	144.0
6	574	128	686	149.0
6	576	79	240	119.0
6	576	184	210	134.0
6	576	126	116	134.0
6	576	413	585	150.0
8	576	33	705	140.0
6	577	164	879	133.0
6	577	156	725	149.0
6	577	209	782	125.0
6	578	200	288	131.0
6	578	163	885	125.0
6	579	185	213	142.0
6	579	199	292	146.0
6	580	22	151	136.0
6	580	41	469	126.0
6	580	67	547	150.0
6	580	372	539	120.0
6	580	160	580	140.0
8	580	259	341	127.0
8	580	249	330	139.0
6	582	248	326	142.0
6	583	234	302	140.0
6	583	164	482	127.0
6	583	103	636	140.0
6	585	226	593	137.0
6	585	189	583	147.0
8	585	329	465	146.0
8	586	252	505	142.0
6	587	261	339	145.0
6	587	56	148	134.0
6	587	394	615	145.0
6	587	15	836	149.0
6	587	33	881	157.0
8	587	13	596	140.0
6	588	136	202	133.0
6	588	193	239	145.0
6	588	380	887	151.0
6	588	105	754	150.0
6	589	108	202	125.0
6	589	46	482	137.0
6	590	249	324	139.0
6	590	157	726	160.0
6	590	139	602	150.0
6	591	229	327	138.0
8	591	109	203	131.0
6	592	158	579	111.0
6	592	20	344	143.0
6	592	23	137	142.0
6	592	328	466	139.0
6	593	122	208	141.0
6	594	252	506	145.0
6	594	198	212	142.0
6	594	36	137	127.0
6	594	220	208	118.0
6	594	44	482	112.0
6	594	114	882	149.0
6	594	144	558	130.0
6	594	72	681	143.0
6	594	14	873	151.0
6	595	235	303	133.0
6	596	70	497	124.0
6	596	139	646	148.0
6	596	81	872	144.0
6	598	193	863	141.0
7	598	396	629	137.0
6	599	171	461	145.0
6	599	171	471	141.0
6	599	229	326	144.0
7	599	195	656	146.0
7	599	65	728	148.0
8	599	311	835	146.0
7	601	195	271	144.0
7	601	41	205	137.0
7	601	130	684	145.0
7	602	55	834	141.0
7	602	97	619	145.0
7	602	104	609	140.0
7	603	83	164	158.0
7	603	195	657	153.0
7	604	40	205	144.0
7	604	63	523	144.0
6	605	126	754	144.0
7	605	189	606	144.0
7	605	52	834	152.0
7	607	125	204	138.0
7	607	65	247	142.0
7	607	11	185	135.0
7	607	163	595	141.0
7	608	158	206	133.0
7	608	187	191	150.0
7	608	348	504	137.0
7	608	178	886	162.0
7	608	182	680	156.0
7	608	51	551	154.0
7	608	24	864	152.0
7	608	39	860	160.0
8	608	34	726	160.0
8	608	63	525	150.0
8	608	15	524	154.0
5	610	56	465	145.0
7	610	90	504	152.0
7	610	459	568	173.0
7	610	100	894	146.0
7	610	55	695	161.0
7	610	78	797	145.0
8	610	302	811	144.0
8	610	13	502	147.0
8	610	191	363	141.0
8	610	165	214	143.0
7	611	94	210	136.0
7	612	159	578	140.0
7	612	206	243	143.0
7	612	89	187	141.0
7	613	187	191	142.0
7	613	58	652	129.0
7	613	110	571	140.0
7	614	483	567	150.0
7	614	5	851	145.0
7	614	6	808	150.0
8	614	89	673	149.0
8	614	380	738	137.0
8	614	394	657	143.0
8	614	22	458	140.0
7	615	77	530	155.0
7	616	154	237	126.0
7	616	95	204	124.0
7	616	145	892	139.0
8	616	21	685	136.0
8	616	20	671	134.0
8	616	334	480	119.0
7	617	25	197	129.0
7	617	167	219	138.0
7	617	413	598	173.0
7	617	407	615	171.0
7	618	16	158	142.0
7	618	297	360	129.0
7	619	224	862	151.0
7	619	192	625	157.0
8	619	23	694	148.0
8	619	296	366	143.0
7	621	28	176	147.0
7	621	220	291	140.0
7	621	351	594	151.0
7	621	353	605	159.0
7	622	215	550	151.0
8	622	66	247	136.0
8	622	54	232	135.0
8	622	51	245	146.0
7	623	334	479	118.0
7	624	126	201	136.0
7	624	58	635	144.0
7	625	387	592	143.0
7	625	41	819	154.0
7	626	87	218	136.0
7	626	227	554	137.0
7	626	212	551	150.0
7	626	215	270	158.0
7	626	152	900	150.0
7	626	24	846	155.0
7	627	89	669	136.0
7	627	184	863	121.0
8	627	315	410	140.0
8	627	304	377	144.0
7	628	232	315	141.0
7	628	182	297	150.0
7	628	168	502	145.0
7	628	165	246	147.0
7	628	196	231	143.0
8	628	328	809	150.0
7	630	198	352	151.0
7	630	154	227	141.0
7	630	82	879	152.0
7	630	232	656	147.0
7	630	86	684	152.0
7	630	67	561	143.0
7	630	161	595	144.0
8	630	7	681	153.0
8	630	334	669	149.0
8	630	335	680	136.0
7	631	168	502	130.0
7	632	218	340	152.0
7	632	186	222	135.0
7	632	230	657	146.0
7	632	140	613	150.0
7	633	198	349	142.0
7	633	156	788	146.0
7	633	220	610	146.0
7	633	109	703	148.0
7	633	126	710	141.0
7	634	213	324	129.0
7	634	44	223	141.0
7	634	370	557	139.0
7	635	104	178	114.0
8	635	50	740	107.0
8	635	15	524	126.0
8	635	218	339	130.0
7	636	218	338	118.0
7	636	182	296	109.0
7	638	134	242	105.0
7	638	106	206	107.0
7	638	24	227	112.0
7	638	229	668	112.0
7	638	206	658	124.0
7	638	133	616	120.0
7	638	49	743	120.0
7	639	188	259	132.0
7	639	183	590	129.0
7	639	203	548	126.0
7	639	229	667	123.0
8	639	19	483	127.0
7	640	111	217	110.0
7	641	184	285	119.0
7	641	20	190	127.0
7	641	139	212	117.0
7	641	85	159	120.0
7	641	69	224	114.0
7	641	33	498	117.0
7	641	56	587	121.0
7	643	39	239	123.0
7	643	5	213	117.0
7	643	44	181	138.0
7	643	218	552	134.0
7	643	351	537	122.0
8	643	3	710	132.0
7	644	166	250	125.0
7	644	199	593	138.0
7	644	95	147	125.0
7	644	363	565	126.0
7	644	162	890	127.0
7	644	69	892	133.0
7	644	61	876	134.0
7	644	103	558	137.0
7	644	218	555	132.0
7	644	11	761	127.0
7	645	19	483	115.0
7	646	178	228	125.0
7	646	203	339	138.0
7	647	18	188	126.0
7	647	124	877	123.0
7	647	194	678	135.0
7	648	167	219	118.0
7	648	44	842	141.0
8	648	6	563	126.0
7	649	112	179	135.0
7	649	164	294	125.0
7	649	134	227	113.0
8	649	237	338	121.0
8	649	165	218	111.0
7	650	164	299	125.0
7	650	135	591	133.0
7	650	218	335	127.0
7	650	196	326	112.0
7	650	58	196	135.0
7	650	124	172	118.0
7	650	195	677	139.0
7	651	147	242	111.0
7	651	57	491	126.0
7	652	110	219	113.0
7	652	341	524	104.0
7	652	343	511	107.0
7	652	210	570	118.0
8	652	349	678	123.0
7	653	11	160	127.0
7	653	39	526	131.0
8	653	210	669	128.0
7	655	41	267	124.0
7	655	34	253	127.0
7	655	108	688	129.0
7	655	56	705	127.0
7	655	92	702	127.0
8	655	80	226	121.0
7	656	95	229	102.0
7	656	236	339	113.0
7	656	250	349	111.0
7	656	32	250	115.0
7	657	209	569	129.0
7	657	114	184	107.0
8	657	368	710	136.0
7	658	146	240	111.0
7	658	118	786	121.0
7	658	103	636	119.0
7	659	67	236	114.0
7	659	168	574	131.0
7	659	225	590	118.0
7	659	122	211	126.0
7	659	123	152	119.0
8	659	203	657	127.0
8	659	39	701	123.0
8	659	12	545	128.0
7	660	160	236	126.0
7	660	285	369	111.0
7	661	146	203	108.0
7	661	199	301	62.0
7	661	183	587	127.0
7	661	105	671	123.0
8	661	194	326	122.0
7	663	107	873	114.0
7	663	170	574	130.0
7	663	73	709	139.0
8	663	175	225	131.0
7	664	184	300	121.0
7	664	5	737	133.0
8	664	324	793	144.0
8	664	58	490	125.0
7	666	66	200	129.0
7	666	75	163	132.0
7	666	116	131	119.0
7	666	57	868	112.0
8	666	342	739	143.0
7	668	48	852	137.0
7	668	36	831	138.0
7	669	368	866	136.0
7	669	387	880	121.0
7	669	56	869	111.0
7	669	83	764	122.0
8	669	97	226	103.0
7	671	383	629	112.0
7	671	377	570	111.0
7	671	216	849	131.0
7	671	211	670	122.0
7	672	70	249	115.0
7	672	226	588	123.0
7	672	258	720	118.0
7	673	81	221	115.0
7	673	185	406	120.0
7	673	83	197	126.0
7	674	161	263	129.0
7	674	196	887	135.0
7	674	47	877	137.0
7	674	217	536	117.0
8	674	86	525	121.0
8	674	219	333	132.0
7	675	106	166	133.0
7	675	107	151	133.0
7	675	196	886	136.0
7	675	24	875	133.0
7	677	69	249	118.0
7	677	31	193	138.0
7	677	172	644	127.0
7	677	83	854	127.0
7	677	90	794	132.0
7	677	71	766	130.0
8	677	374	688	141.0
7	680	194	604	124.0
7	680	211	670	125.0
7	680	82	733	85.0
7	680	68	747	125.0
8	680	304	460	121.0
8	681	103	632	132.0
7	682	216	537	124.0
8	682	74	707	131.0
8	682	314	808	112.0
7	683	125	191	118.0
7	683	156	659	143.0
7	683	216	850	130.0
7	684	167	277	129.0
7	686	153	277	123.0
7	686	125	195	118.0
7	686	413	571	152.0
7	686	181	899	137.0
7	686	245	696	109.0
8	686	66	721	127.0
8	686	380	700	125.0
7	688	87	897	126.0
7	688	106	573	116.0
7	688	62	733	107.0
7	688	50	720	122.0
7	688	43	875	143.0
7	689	158	260	116.0
7	689	191	200	102.0
7	689	96	226	116.0
7	691	214	352	115.0
7	691	121	221	114.0
7	691	152	604	120.0
7	691	178	691	130.0
7	691	132	660	120.0
7	691	127	790	102.0
7	691	86	567	118.0
7	692	162	228	127.0
7	693	12	218	104.0
7	693	24	207	127.0
7	693	19	175	112.0
7	693	312	476	106.0
7	693	303	457	117.0
7	693	157	658	135.0
7	694	121	223	115.0
7	694	191	353	121.0
7	694	66	720	119.0
7	695	217	536	119.0
7	695	53	185	114.0
7	695	191	638	96.0
7	695	18	863	134.0
8	695	3	823	134.0
7	697	165	277	128.0
7	697	131	773	119.0
7	697	48	679	138.0
8	697	309	474	97.0
7	698	179	261	114.0
7	698	182	613	123.0
7	698	32	759	123.0
8	698	368	726	130.0
7	699	187	287	110.0
8	700	210	422	121.0
8	700	191	353	130.0
8	700	348	544	110.0
8	700	106	859	111.0
8	700	160	794	131.0
8	700	58	759	124.0
8	700	18	727	119.0
8	702	151	213	115.0
8	702	99	200	135.0
8	702	345	586	123.0
8	702	463	536	144.0
8	702	181	852	135.0
8	702	181	676	128.0
8	702	133	675	128.0
8	702	153	884	140.0
8	702	119	724	131.0
8	702	107	798	131.0
8	702	104	610	120.0
8	704	208	322	138.0
8	704	351	557	128.0
8	704	96	684	133.0
8	705	172	291	123.0
8	705	177	248	116.0
8	705	178	261	120.0
8	705	183	335	124.0
8	705	91	885	141.0
8	705	193	637	127.0
8	705	184	406	135.0
8	705	177	394	126.0
8	706	254	354	113.0
8	706	242	349	130.0
8	706	177	247	115.0
8	706	183	333	124.0
8	706	162	224	122.0
8	706	82	232	124.0
8	706	365	576	116.0
8	706	103	610	128.0
8	707	134	672	129.0
8	707	37	741	142.0
8	707	87	554	88.0
8	708	176	255	131.0
8	708	135	221	128.0
8	708	54	886	140.0
8	708	177	657	130.0
8	708	134	848	141.0
8	709	159	295	118.0
8	709	221	599	117.0
8	709	92	180	123.0
8	709	73	187	125.0
8	709	178	660	120.0
7	711	106	184	109.0
8	711	158	298	122.0
8	711	303	367	115.0
8	711	362	850	140.0
8	711	158	855	139.0
8	711	81	235	123.0
8	712	197	311	118.0
8	712	179	315	127.0
8	712	109	228	122.0
8	712	173	236	128.0
8	713	135	252	123.0
8	713	139	577	128.0
8	713	96	166	121.0
8	713	182	609	122.0
8	713	86	555	109.0
8	714	82	234	128.0
8	715	136	250	119.0
8	715	116	381	122.0
8	715	10	186	126.0
8	715	375	609	135.0
8	715	154	878	137.0
8	716	123	249	127.0
8	716	53	353	125.0
8	716	30	235	116.0
8	716	163	701	145.0
8	716	152	893	127.0
8	716	222	599	127.0
8	716	157	839	126.0
8	716	249	520	120.0
8	718	173	368	121.0
8	719	150	221	126.0
8	719	103	564	132.0
8	719	97	684	125.0
8	720	198	310	126.0
8	720	179	396	126.0
8	721	141	233	130.0
8	721	75	257	118.0
8	721	66	267	125.0
8	722	179	313	127.0
8	722	66	266	118.0
8	722	75	257	122.0
8	722	109	883	130.0
8	722	26	702	123.0
8	722	116	382	118.0
8	724	271	376	132.0
8	724	116	586	133.0
8	724	357	611	131.0
8	725	249	519	109.0
8	725	198	336	118.0
8	725	136	213	115.0
8	725	173	884	129.0
8	725	135	600	122.0
8	727	172	232	122.0
8	727	351	836	136.0
8	727	261	700	118.0
8	727	51	648	126.0
8	729	172	285	113.0
8	730	199	337	127.0
8	730	206	863	128.0
8	730	119	695	136.0
8	730	124	347	130.0
8	731	171	191	101.0
8	732	40	254	114.0
8	733	137	178	107.0
8	733	128	165	118.0
8	733	269	375	124.0
8	733	324	615	126.0
8	733	120	698	126.0
8	734	207	865	118.0
8	736	142	230	119.0
8	736	128	156	126.0
8	736	108	226	115.0
8	736	495	532	139.0
8	736	87	867	137.0
8	736	229	780	140.0
8	736	130	796	127.0
8	736	7	755	134.0
8	736	84	209	110.0
8	738	188	297	127.0
8	738	111	161	122.0
8	738	351	836	145.0
8	738	34	853	132.0
8	739	239	350	132.0
8	739	146	256	133.0
8	739	225	870	142.0
8	739	217	898	136.0
8	739	127	609	122.0
8	740	146	252	119.0
8	740	91	588	117.0
8	740	83	207	112.0
8	741	250	358	135.0
8	741	188	297	140.0
8	742	299	379	131.0
8	742	169	580	125.0
8	742	41	252	113.0
8	742	224	338	124.0
8	742	348	569	112.0
8	742	135	598	138.0
8	743	152	284	119.0
8	743	59	873	136.0
8	744	109	221	107.0
8	744	277	386	124.0
8	744	271	374	123.0
8	745	178	272	129.0
8	745	63	494	126.0
8	745	224	873	131.0
8	745	203	607	130.0
8	747	230	662	123.0
8	747	386	867	137.0
8	747	380	851	107.0
8	747	340	809	138.0
8	747	120	775	131.0
8	747	170	578	125.0
8	747	85	255	124.0
8	749	211	588	131.0
8	749	101	562	119.0
8	750	224	343	127.0
8	751	85	252	125.0
8	751	95	245	128.0
8	751	122	345	126.0
8	751	162	567	121.0
8	751	180	216	111.0
8	751	21	758	134.0
8	752	199	395	127.0
8	752	177	275	126.0
8	752	15	233	120.0
8	752	121	127	124.0
8	752	372	629	135.0
8	752	200	664	137.0
8	752	203	604	124.0
8	752	162	567	123.0
8	752	151	546	136.0
8	752	78	711	122.0
8	753	218	365	127.0
8	754	131	225	115.0
8	755	201	359	133.0
8	755	174	369	140.0
8	755	236	808	134.0
8	756	99	549	124.0
8	758	143	566	128.0
8	758	85	600	120.0
8	758	371	554	111.0
8	758	168	897	132.0
8	758	163	776	124.0
8	758	147	535	119.0
8	758	92	588	125.0
8	758	73	883	134.0
8	760	200	360	122.0
8	760	47	216	114.0
8	760	27	218	125.0
8	760	360	592	117.0
8	761	129	200	129.0
8	761	242	370	137.0
8	761	218	523	136.0
8	761	17	243	123.0
8	761	210	587	139.0
8	761	27	867	135.0
8	761	391	887	137.0
8	761	149	237	126.0
8	762	16	242	119.0
8	763	151	236	129.0
8	764	75	883	130.0
8	764	59	872	143.0
8	764	213	655	128.0
8	764	92	653	128.0
8	764	137	834	126.0
8	765	274	390	114.0
8	765	143	535	126.0
8	765	61	204	119.0
8	765	339	648	128.0
8	765	103	709	127.0
8	766	162	247	130.0
8	766	99	697	131.0
8	766	93	245	126.0
8	767	29	245	128.0
8	767	47	695	134.0
8	767	99	696	131.0
8	767	83	600	127.0
8	768	166	306	129.0
8	768	201	358	136.0
8	768	95	587	136.0
8	769	39	270	112.0
8	769	30	262	113.0
8	769	215	365	124.0
8	769	165	304	123.0
8	769	102	234	118.0
8	769	150	580	120.0
8	770	92	742	112.0
8	771	169	318	117.0
8	772	164	261	124.0
8	772	152	281	126.0
8	772	161	247	129.0
8	772	136	837	135.0
8	774	12	872	124.0
7	775	95	746	144.0
8	775	166	302	126.0
8	775	102	711	126.0
8	775	59	623	133.0
8	776	168	319	111.0
8	776	167	211	115.0
8	776	122	183	124.0
8	778	65	898	129.0
8	778	87	895	136.0
8	779	150	546	143.0
8	779	377	647	118.0
8	779	485	535	136.0
8	780	147	884	135.0
8	780	94	781	136.0
8	781	108	177	127.0
8	781	90	221	137.0
8	781	355	578	131.0
8	781	216	658	136.0
8	781	147	883	136.0
8	783	209	342	128.0
8	783	205	329	133.0
8	783	338	542	120.0
8	783	406	898	135.0
9	783	152	899	132.0
8	785	79	275	122.0
8	785	151	581	130.0
8	785	37	880	144.0
8	785	44	861	128.0
8	786	175	381	135.0
8	786	238	694	132.0
8	786	142	666	137.0
8	786	99	545	130.0
8	786	152	724	143.0
8	786	140	741	135.0
8	786	162	673	123.0
8	786	80	272	93.0
8	788	130	267	128.0
8	788	260	375	117.0
8	788	102	727	104.0
8	789	126	895	126.0
8	789	193	576	131.0
8	789	48	694	126.0
8	789	52	289	114.0
8	790	115	850	133.0
8	791	222	348	118.0
8	791	182	309	117.0
8	791	175	279	115.0
8	791	207	779	126.0
8	791	199	635	101.0
8	791	51	735	108.0
8	791	124	755	128.0
8	792	186	361	120.0
8	792	134	235	121.0
8	792	360	631	129.0
8	792	97	874	136.0
8	792	364	698	133.0
8	794	186	361	104.0
8	794	451	504	141.0
8	794	201	884	132.0
8	794	90	566	120.0
8	794	224	642	126.0
8	794	50	734	121.0
8	795	196	581	117.0
8	795	406	827	117.0
8	796	193	321	120.0
8	797	360	632	128.0
8	797	364	608	121.0
8	797	84	759	128.0
8	797	113	632	126.0
8	797	38	728	130.0
8	797	423	899	131.0
8	797	343	554	121.0
8	799	174	285	126.0
8	799	88	567	118.0
8	799	380	548	137.0
8	799	383	609	154.0
8	800	115	851	124.0
9	800	361	866	137.0
9	800	159	650	129.0
9	800	57	745	126.0
9	801	147	268	152.0
9	801	206	330	153.0
9	801	221	350	153.0
9	801	189	388	150.0
9	802	137	283	130.0
8	803	21	717	126.0
8	803	17	691	133.0
8	803	256	389	131.0
8	803	263	375	124.0
8	803	260	403	128.0
8	803	262	418	124.0
9	803	170	319	126.0
9	803	118	233	114.0
9	803	56	190	140.0
9	803	105	842	119.0
9	804	153	298	133.0
9	804	253	389	132.0
9	804	342	556	123.0
9	804	207	774	135.0
8	805	216	615	133.0
9	805	166	346	125.0
9	805	188	389	126.0
9	805	201	899	133.0
9	805	186	770	138.0
9	805	102	728	139.0
9	806	184	315	130.0
9	806	132	572	133.0
9	806	353	618	119.0
9	807	184	314	124.0
8	808	262	416	127.0
8	808	256	406	128.0
8	808	253	391	130.0
8	808	259	377	126.0
9	808	192	325	135.0
9	808	172	229	130.0
9	808	132	571	134.0
9	808	178	333	128.0
9	808	464	517	145.0
9	808	225	595	136.0
9	810	154	295	134.0
9	810	217	386	127.0
9	810	56	287	129.0
9	810	142	191	136.0
9	811	147	380	133.0
9	811	156	221	131.0
9	811	217	384	127.0
9	811	192	648	134.0
9	812	146	379	133.0
9	812	178	298	124.0
9	812	87	176	136.0
9	812	325	482	132.0
9	812	334	476	146.0
9	812	326	467	136.0
9	813	232	370	124.0
9	813	95	209	132.0
9	813	397	558	146.0
9	813	381	563	153.0
9	813	225	596	139.0
9	814	155	292	132.0
9	814	94	879	129.0
9	814	171	793	131.0
9	814	157	612	130.0
9	814	105	657	130.0
8	815	69	758	132.0
8	816	192	411	135.0
9	816	180	333	130.0
9	816	147	208	120.0
9	816	236	870	132.0
9	816	116	764	138.0
8	817	412	885	147.0
9	817	145	209	126.0
9	817	496	527	139.0
9	818	92	260	111.0
9	818	20	250	113.0
9	819	136	285	131.0
9	819	106	608	127.0
9	819	8	725	141.0
8	821	40	743	136.0
8	821	414	863	144.0
9	821	103	266	134.0
9	821	80	229	146.0
8	822	365	865	133.0
9	822	157	225	136.0
9	822	366	845	135.0
9	822	87	791	123.0
9	824	43	282	136.0
9	824	32	257	120.0
9	824	18	253	126.0
9	824	18	253	126.0
9	825	231	374	124.0
9	825	168	362	131.0
9	825	135	285	137.0
9	825	173	881	137.0
8	826	57	746	134.0
8	826	402	841	152.0
9	826	261	417	121.0
9	826	128	244	133.0
9	826	116	211	131.0
9	826	430	573	143.0
9	826	158	613	135.0
9	827	178	298	117.0
9	828	171	359	130.0
9	828	90	264	129.0
9	828	205	367	132.0
9	828	164	346	134.0
9	828	112	245	131.0
9	828	77	717	134.0
8	830	32	759	131.0
8	830	393	874	142.0
9	830	3	254	132.0
9	830	132	206	134.0
9	830	177	301	123.0
9	830	165	847	137.0
9	830	88	610	131.0
9	830	173	696	133.0
8	831	375	665	133.0
9	831	256	399	122.0
9	833	415	560	135.0
9	833	381	861	134.0
9	833	139	790	132.0
9	833	119	790	135.0
9	834	141	249	129.0
8	835	341	665	134.0
9	835	369	643	124.0
9	835	479	519	140.0
9	836	160	271	128.0
9	836	203	368	128.0
9	836	105	892	127.0
9	836	193	664	131.0
9	836	71	759	123.0
8	837	114	881	137.0
9	837	193	407	139.0
9	837	82	281	138.0
9	838	192	408	122.0
8	839	381	858	143.0
8	839	102	262	136.0
9	839	18	230	132.0
9	839	156	315	131.0
9	839	171	590	134.0
9	839	142	245	134.0
9	839	59	888	131.0
9	839	217	614	143.0
9	840	196	205	114.0
9	840	347	590	119.0
9	841	155	316	126.0
8	842	42	283	125.0
9	842	139	895	140.0
9	842	86	843	123.0
9	842	94	678	131.0
9	843	138	298	125.0
9	843	103	264	122.0
8	844	14	703	139.0
9	844	156	886	133.0
9	844	145	715	147.0
9	845	115	260	121.0
9	847	222	843	130.0
9	847	115	881	127.0
9	848	184	221	124.0
9	848	412	582	145.0
8	849	28	737	138.0
9	849	27	872	132.0
8	850	81	286	135.0
8	850	94	281	135.0
9	850	186	222	128.0
9	850	138	299	139.0
9	850	106	790	139.0
9	850	166	556	138.0
8	851	71	768	133.0
9	852	217	361	134.0
8	853	149	254	126.0
9	853	47	293	123.0
9	853	149	854	124.0
9	853	221	844	126.0
9	854	94	280	122.0
9	854	79	285	125.0
9	854	148	258	121.0
8	855	120	370	131.0
9	855	51	302	126.0
9	855	134	847	138.0
9	855	213	672	136.0
9	855	101	765	133.0
9	856	208	346	122.0
8	857	16	755	143.0
8	857	4	400	137.0
9	857	137	298	133.0
9	858	156	363	128.0
9	858	218	356	119.0
9	858	208	343	121.0
9	858	373	602	130.0
9	858	151	836	127.0
9	858	173	655	124.0
9	858	27	877	135.0
9	860	120	370	123.0
9	860	97	274	128.0
9	860	147	576	135.0
9	861	195	335	135.0
9	861	211	640	127.0
9	861	71	769	135.0
9	862	239	394	123.0
9	863	162	286	132.0
9	864	57	325	128.0
9	864	117	703	131.0
8	865	145	577	130.0
9	865	162	288	122.0
9	866	244	415	135.0
9	866	233	384	136.0
9	866	195	339	123.0
9	866	126	190	137.0
8	867	238	397	128.0
9	867	150	803	125.0
9	869	139	564	125.0
9	869	74	895	129.0
9	869	46	880	138.0
8	870	169	543	116.0
8	871	46	880	142.0
9	871	111	225	131.0
9	872	130	260	133.0
9	872	162	769	133.0
9	872	144	577	137.0
9	873	149	254	126.0
9	873	75	206	129.0
9	873	387	595	142.0
8	875	184	393	127.0
8	875	243	410	125.0
9	875	168	255	140.0
9	875	117	254	131.0
9	875	75	789	137.0
8	876	38	805	132.0
8	876	19	809	158.0
9	876	119	275	118.0
9	876	211	396	124.0
9	877	187	367	129.0
8	878	121	274	120.0
9	878	184	382	126.0
9	878	128	256	126.0
9	878	91	887	148.0
9	878	212	573	133.0
9	878	165	576	127.0
9	879	210	397	131.0
9	881	184	383	130.0
9	881	161	287	130.0
9	881	186	900	133.0
9	881	290	806	145.0
8	882	60	462	128.0
9	882	212	210	104.0
9	883	203	417	128.0
9	883	193	590	141.0
9	883	141	676	128.0
9	883	52	667	132.0
8	884	171	871	130.0
8	884	352	700	133.0
9	884	31	272	124.0
9	884	16	267	125.0
9	884	1	262	122.0
9	884	359	628	130.0
8	885	139	563	129.0
9	886	174	867	133.0
9	886	234	897	117.0
9	886	169	539	127.0
9	886	89	573	128.0
9	886	153	666	137.0
9	886	163	698	130.0
9	886	48	726	135.0
9	887	166	306	127.0
9	887	181	396	127.0
9	887	219	377	129.0
9	889	187	361	123.0
9	889	162	226	118.0
9	889	156	874	123.0
9	889	194	569	128.0
9	889	196	586	131.0
9	889	228	647	118.0
9	889	56	615	114.0
9	890	2	233	138.0
8	892	203	416	133.0
9	892	177	230	130.0
9	892	243	649	126.0
9	892	229	662	136.0
9	892	97	707	130.0
8	893	444	880	137.0
8	893	473	892	132.0
8	893	434	868	133.0
9	893	205	411	129.0
9	893	190	220	115.0
9	893	367	654	129.0
8	894	291	808	137.0
9	894	179	320	131.0
9	894	219	375	130.0
9	894	178	233	129.0
9	894	391	515	155.0
9	894	164	789	139.0
9	894	108	685	138.0
9	894	56	761	139.0
8	896	4	809	135.0
9	896	161	227	131.0
9	897	151	275	131.0
9	897	38	287	127.0
9	897	103	877	118.0
9	897	183	702	128.0
8	898	39	816	128.0
9	898	124	192	127.0
9	898	392	542	140.0
9	898	361	560	147.0
8	900	2	827	128.0
9	900	149	274	122.0
10	900	166	302	124.0
10	901	171	337	137.0
8	902	124	887	132.0
10	902	95	284	116.0
10	903	226	397	119.0
10	903	169	243	140.0
10	903	199	639	137.0
10	903	193	652	130.0
10	905	134	269	133.0
10	905	351	642	129.0
10	906	123	885	132.0
8	907	16	738	135.0
10	907	166	349	134.0
8	908	196	392	123.0
10	908	121	301	128.0
10	908	204	361	131.0
10	909	197	391	104.0
10	910	175	369	141.0
10	910	136	272	130.0
8	911	95	287	123.0
10	911	175	366	129.0
10	911	146	232	127.0
10	911	150	201	126.0
10	911	92	265	127.0
10	911	101	874	125.0
8	912	392	846	138.0
10	912	149	347	137.0
10	912	197	390	129.0
10	912	36	291	119.0
10	912	380	550	144.0
10	913	87	302	120.0
8	914	172	882	142.0
8	914	135	269	131.0
8	914	85	302	125.0
8	914	61	394	132.0
8	914	69	385	151.0
10	914	131	288	123.0
10	914	112	284	121.0
10	914	171	338	121.0
10	914	152	219	126.0
10	914	148	347	133.0
10	914	200	780	146.0
10	914	197	673	127.0
10	916	205	358	130.0
10	916	121	299	115.0
10	916	94	287	122.0
10	916	86	302	118.0
10	916	420	557	138.0
8	917	68	385	129.0
8	917	61	394	134.0
10	917	200	346	129.0
10	917	165	350	137.0
10	917	241	846	130.0
10	917	172	879	142.0
10	917	88	751	138.0
10	918	202	342	122.0
10	919	131	289	130.0
10	920	185	327	127.0
10	920	109	211	139.0
10	920	125	800	104.0
8	921	61	814	137.0
8	921	46	880	142.0
8	921	41	760	134.0
10	922	150	884	135.0
10	922	106	899	137.0
10	922	170	568	133.0
10	922	154	585	136.0
10	922	68	634	135.0
10	922	50	777	135.0
10	922	60	817	131.0
8	923	151	883	130.0
10	923	186	346	125.0
10	923	153	583	133.0
10	925	165	318	122.0
10	925	94	783	117.0
10	925	83	713	123.0
10	925	142	684	141.0
10	925	108	667	133.0
10	925	55	789	117.0
10	927	152	291	129.0
10	927	372	612	119.0
10	928	24	283	135.0
10	928	8	276	134.0
10	928	136	211	150.0
10	928	152	319	138.0
10	928	202	843	143.0
10	928	178	771	149.0
10	928	87	765	143.0
10	928	59	651	133.0
10	929	185	332	125.0
10	929	171	242	134.0
10	930	135	217	142.0
10	930	89	244	132.0
10	931	207	897	134.0
10	931	141	899	134.0
10	931	172	666	135.0
10	931	90	731	125.0
10	932	91	814	145.0
10	933	122	224	120.0
10	933	194	888	142.0
10	933	62	896	129.0
10	933	77	775	134.0
10	933	107	899	132.0
10	933	122	900	137.0
10	933	139	899	142.0
10	933	78	898	144.0
10	933	51	896	141.0
10	933	139	648	134.0
10	933	83	696	137.0
10	933	142	697	127.0
10	933	91	815	144.0
10	934	149	244	147.0
10	935	151	289	133.0
8	936	390	842	135.0
10	936	220	414	125.0
10	936	51	895	142.0
8	938	313	866	130.0
10	938	123	228	123.0
10	939	120	245	136.0
10	939	188	345	126.0
10	939	7	281	135.0
10	939	23	286	128.0
10	939	143	591	136.0
10	939	122	898	133.0
10	939	145	724	132.0
10	942	137	299	130.0
10	942	192	374	125.0
10	942	233	870	132.0
10	942	48	882	126.0
10	942	206	544	113.0
8	943	31	767	137.0
10	943	152	322	137.0
10	943	439	554	145.0
10	944	53	283	126.0
10	945	162	328	125.0
10	945	136	316	116.0
10	945	100	272	136.0
10	945	209	380	125.0
10	945	117	871	131.0
10	945	79	897	136.0
10	945	115	782	139.0
10	947	153	305	112.0
10	947	104	298	126.0
10	947	107	248	139.0
10	947	142	828	145.0
10	947	118	844	130.0
10	947	203	659	130.0
10	947	275	640	121.0
8	948	16	715	129.0
10	948	51	317	134.0
8	949	219	417	121.0
8	950	6	815	140.0
10	950	137	317	123.0
10	950	108	737	143.0
10	951	210	379	126.0
8	952	140	590	131.0
10	952	446	546	149.0
8	954	213	407	124.0
10	956	214	436	127.0
10	956	371	634	141.0
10	956	338	549	123.0
10	958	143	301	129.0
10	959	212	406	126.0
10	959	259	851	141.0
10	959	48	624	128.0
10	959	57	598	128.0
10	961	239	886	145.0
10	961	239	864	146.0
10	961	128	748	139.0
10	963	150	194	125.0
10	963	346	635	128.0
10	963	167	591	137.0
8	964	214	429	132.0
10	964	59	586	120.0
8	965	34	785	143.0
10	966	163	361	113.0
10	966	200	416	114.0
10	967	146	553	120.0
10	968	101	319	123.0
10	970	194	371	128.0
10	970	150	539	122.0
10	971	195	368	114.0
8	972	43	776	129.0
10	972	76	345	119.0
10	972	174	728	122.0
10	973	231	377	120.0
10	974	184	358	121.0
10	974	123	269	115.0
10	974	167	261	122.0
10	974	197	226	107.0
10	974	373	649	136.0
8	975	196	418	127.0
10	975	123	268	123.0
10	975	162	362	123.0
10	975	146	874	122.0
10	976	101	320	121.0
10	977	121	317	125.0
10	978	231	379	112.0
10	978	137	793	116.0
10	978	153	850	127.0
10	978	155	653	124.0
10	978	99	650	125.0
10	979	166	347	121.0
10	980	164	355	109.0
10	981	184	359	115.0
10	981	334	584	122.0
10	981	128	882	116.0
10	981	163	814	123.0
10	981	169	590	118.0
10	981	192	714	120.0
10	981	48	683	120.0
10	981	93	868	124.0
8	982	215	634	133.0
8	982	192	629	148.0
8	982	233	630	107.0
10	982	123	312	113.0
10	983	43	318	110.0
10	983	155	220	126.0
10	983	230	377	120.0
10	983	171	248	121.0
10	983	381	606	123.0
10	984	129	844	118.0
10	984	196	690	125.0
10	985	133	328	116.0
10	985	169	248	125.0
10	985	165	275	119.0
10	986	366	557	135.0
10	986	283	876	137.0
10	986	171	828	137.0
10	986	194	629	127.0
8	988	452	893	136.0
8	988	320	886	132.0
10	989	167	342	114.0
10	989	150	233	126.0
10	989	89	774	117.0
10	989	199	595	129.0
10	989	173	708	117.0
10	989	68	571	123.0
10	989	72	592	102.0
8	990	65	573	86.0
10	990	215	436	128.0
10	990	131	331	118.0
10	990	365	523	143.0
10	991	98	267	130.0
10	991	119	239	138.0
10	991	177	234	114.0
10	992	126	294	137.0
10	992	139	272	113.0
10	992	75	786	137.0
10	992	97	892	106.0
10	994	138	218	126.0
10	995	152	330	126.0
10	995	150	616	118.0
10	995	112	684	115.0
10	995	79	657	125.0
10	995	58	641	124.0
10	996	151	334	115.0
10	997	178	239	117.0
10	997	368	559	145.0
10	998	133	332	111.0
10	998	167	898	121.0
10	998	48	598	106.0
10	998	47	611	113.0
8	1000	199	401	116.0
10	1000	90	671	116.0
11	1000	88	884	100.0
11	1000	89	708	112.0
11	1000	109	664	117.0
11	1000	203	725	119.0
11	1000	58	665	97.0
11	1002	184	392	111.0
11	1002	140	216	125.0
11	1003	234	628	127.0
11	1003	214	635	131.0
11	1003	165	635	127.0
11	1004	133	330	111.0
8	1005	204	429	118.0
10	1005	24	304	120.0
11	1005	50	334	118.0
8	1006	185	393	123.0
11	1006	176	368	127.0
11	1006	85	843	124.0
11	1006	105	762	125.0
11	1006	149	560	130.0
8	1007	165	635	122.0
8	1007	148	561	123.0
11	1007	194	384	115.0
11	1007	164	290	122.0
11	1008	397	551	135.0
11	1009	139	217	129.0
11	1009	92	871	123.0
11	1009	49	882	121.0
11	1010	201	399	113.0
11	1010	402	565	126.0
10	1011	194	385	122.0
11	1011	81	292	134.0
11	1011	24	307	127.0
11	1011	353	656	127.0
11	1011	240	841	130.0
11	1011	102	833	130.0
11	1013	152	293	117.0
11	1013	164	230	98.0
11	1014	253	890	137.0
11	1015	50	337	115.0
11	1016	178	367	110.0
11	1016	97	304	118.0
8	1017	116	332	119.0
11	1017	210	368	113.0
11	1017	289	887	131.0
11	1018	143	251	106.0
11	1020	152	347	117.0
11	1020	142	251	109.0
11	1020	164	579	119.0
11	1020	239	880	111.0
11	1020	167	662	124.0
11	1020	50	880	121.0
11	1022	152	239	124.0
8	1023	247	507	114.0
8	1023	205	432	113.0
11	1023	157	257	120.0
11	1023	163	286	123.0
11	1023	77	763	125.0
11	1023	198	645	125.0
11	1023	50	631	104.0
11	1023	46	621	128.0
11	1024	205	428	121.0
10	1025	170	839	128.0
11	1025	152	296	112.0
11	1025	109	888	97.0
11	1026	118	330	122.0
11	1026	10	764	127.0
11	1027	118	330	113.0
11	1028	118	270	131.0
11	1028	31	322	118.0
11	1028	349	640	125.0
11	1028	311	543	138.0
8	1029	440	885	127.0
11	1029	171	329	117.0
11	1029	415	559	120.0
11	1029	152	590	116.0
11	1031	265	873	124.0
11	1031	108	775	122.0
11	1031	95	785	118.0
11	1031	176	690	118.0
11	1031	21	820	127.0
11	1033	119	262	123.0
11	1033	17	779	126.0
11	1034	60	350	113.0
11	1034	32	321	113.0
11	1034	14	316	121.0
11	1034	270	887	125.0
11	1034	189	799	124.0
11	1034	71	608	102.0
11	1036	182	314	119.0
11	1036	113	293	120.0
11	1036	157	255	119.0
8	1037	420	899	135.0
11	1037	112	860	99.0
11	1037	196	822	131.0
11	1037	53	895	131.0
11	1038	131	293	118.0
11	1039	120	826	122.0
11	1039	142	666	126.0
11	1040	185	407	118.0
11	1041	190	337	121.0
11	1042	133	245	128.0
11	1042	130	296	115.0
11	1042	157	365	111.0
11	1042	114	843	127.0
11	1043	132	241	140.0
11	1044	14	314	127.0
11	1045	138	350	121.0
11	1045	145	283	107.0
11	1045	170	300	123.0
11	1045	136	265	111.0
8	1046	154	587	122.0
11	1047	136	265	116.0
11	1047	189	337	117.0
11	1048	159	318	126.0
11	1048	160	867	122.0
11	1048	215	593	129.0
11	1048	158	692	129.0
11	1049	179	383	112.0
8	1050	174	398	113.0
11	1050	161	883	132.0
11	1050	296	868	133.0
11	1050	50	696	122.0
11	1050	48	719	119.0
11	1051	146	324	128.0
11	1052	139	264	116.0
11	1053	181	577	120.0
8	1054	425	888	119.0
11	1054	200	349	97.0
11	1054	445	551	124.0
11	1055	201	349	119.0
8	1056	302	872	124.0
11	1056	132	651	121.0
11	1058	30	329	113.0
11	1058	41	337	107.0
11	1058	388	559	125.0
11	1058	364	620	149.0
11	1058	44	760	135.0
11	1059	172	250	130.0
11	1059	167	644	123.0
11	1059	110	698	131.0
11	1059	59	651	120.0
11	1060	126	346	113.0
11	1060	111	347	117.0
11	1062	175	358	125.0
11	1062	155	585	129.0
11	1062	51	679	113.0
11	1063	155	273	131.0
11	1064	162	375	114.0
11	1064	49	590	114.0
11	1064	48	579	132.0
11	1065	100	332	129.0
11	1067	187	837	135.0
11	1067	147	640	128.0
11	1069	162	374	116.0
8	1070	126	347	122.0
8	1070	115	346	110.0
8	1070	144	363	126.0
11	1071	408	578	131.0
11	1071	480	534	136.0
11	1071	35	885	139.0
8	1073	424	887	118.0
8	1073	442	886	126.0
8	1073	458	897	129.0
11	1073	87	744	116.0
11	1073	65	585	118.0
11	1073	49	568	119.0
11	1073	82	868	126.0
11	1074	386	577	147.0
11	1075	293	859	124.0
11	1075	274	854	125.0
11	1075	78	841	123.0
11	1075	154	836	110.0
11	1076	40	788	116.0
11	1078	189	420	125.0
11	1078	162	767	129.0
11	1078	101	711	130.0
11	1079	162	375	117.0
11	1079	164	386	105.0
11	1080	63	364	111.0
11	1080	48	354	116.0
11	1080	128	281	114.0
11	1080	94	316	119.0
11	1080	11	733	133.0
11	1081	129	853	131.0
11	1082	7	327	110.0
11	1082	117	289	118.0
11	1082	145	367	114.0
11	1083	363	579	149.0
11	1083	79	839	126.0
11	1085	177	394	116.0
11	1087	151	246	115.0
11	1087	224	608	126.0
11	1087	81	714	129.0
11	1088	146	367	124.0
11	1088	1	312	122.0
11	1089	170	261	124.0
11	1090	145	366	120.0
11	1092	259	873	125.0
11	1092	93	855	125.0
11	1092	100	675	120.0
8	1093	123	582	127.0
11	1093	111	262	117.0
11	1096	166	381	116.0
11	1096	352	585	123.0
11	1096	182	587	120.0
11	1096	41	759	133.0
11	1098	161	394	120.0
11	1098	58	601	114.0
12	1098	147	849	120.0
8	1101	166	383	121.0
12	1101	453	541	132.0
12	1101	83	822	129.0
12	1101	205	726	126.0
12	1101	197	807	119.0
12	1101	122	577	121.0
12	1101	151	626	133.0
8	1102	192	618	120.0
8	1102	161	605	125.0
8	1102	156	628	126.0
12	1102	166	382	119.0
11	1103	114	676	115.0
11	1103	26	655	130.0
11	1103	84	821	126.0
12	1103	169	228	125.0
12	1103	114	790	135.0
12	1103	123	578	126.0
12	1106	100	821	128.0
12	1106	165	653	137.0
12	1108	268	286	131.0
12	1109	205	725	122.0
12	1109	118	577	127.0
12	1109	72	605	111.0
11	1110	40	783	120.0
12	1110	170	226	126.0
12	1110	7	326	114.0
10	1112	116	789	130.0
11	1112	131	673	131.0
11	1112	16	748	125.0
12	1112	164	255	125.0
12	1112	235	884	128.0
12	1112	178	887	133.0
12	1112	171	862	128.0
12	1112	169	792	131.0
12	1112	132	834	121.0
8	1113	182	604	122.0
12	1113	102	271	107.0
10	1114	100	821	126.0
12	1114	234	887	130.0
12	1114	183	604	130.0
12	1114	193	616	132.0
12	1117	360	560	120.0
12	1117	402	553	128.0
12	1117	147	719	121.0
12	1120	3	302	117.0
12	1120	3	287	123.0
12	1120	200	224	94.0
12	1120	172	734	126.0
12	1120	77	661	120.0
11	1123	44	771	127.0
12	1123	255	886	127.0
12	1123	88	785	117.0
12	1123	132	835	125.0
12	1123	182	587	127.0
12	1124	65	337	130.0
8	1125	305	895	118.0
11	1125	89	783	125.0
8	1126	308	884	126.0
11	1126	78	770	126.0
11	1128	9	765	126.0
12	1128	166	579	136.0
12	1128	100	875	120.0
12	1128	86	674	132.0
12	1130	19	332	115.0
12	1130	32	348	121.0
12	1130	279	478	138.0
12	1131	286	882	134.0
12	1131	115	827	129.0
12	1131	102	641	126.0
12	1131	206	726	122.0
12	1132	392	567	116.0
12	1132	199	583	133.0
11	1134	408	501	126.0
12	1134	177	398	126.0
12	1134	144	877	121.0
12	1134	179	765	122.0
12	1134	76	771	131.0
12	1134	165	606	127.0
12	1134	199	582	125.0
12	1134	81	822	125.0
12	1135	121	362	120.0
12	1135	201	228	110.0
12	1135	159	394	119.0
12	1135	340	561	139.0
12	1137	105	327	124.0
12	1138	79	443	112.0
8	1139	311	857	138.0
12	1139	216	233	122.0
12	1140	280	855	123.0
12	1140	116	886	127.0
8	1141	19	332	120.0
12	1141	48	362	128.0
12	1142	150	756	128.0
12	1142	117	774	118.0
12	1142	55	564	125.0
12	1143	109	341	127.0
12	1144	442	555	135.0
12	1145	62	371	118.0
12	1145	69	387	120.0
12	1145	145	651	129.0
8	1146	32	349	118.0
12	1147	162	261	109.0
11	1148	112	829	125.0
12	1148	216	227	106.0
12	1148	163	604	134.0
8	1149	309	881	125.0
12	1150	316	510	141.0
12	1151	194	785	116.0
12	1151	76	870	126.0
12	1151	145	794	126.0
8	1153	411	891	130.0
12	1153	108	846	102.0
12	1153	118	771	125.0
11	1155	84	841	131.0
12	1156	50	706	128.0
8	1157	285	880	136.0
8	1159	201	597	132.0
12	1159	162	263	119.0
12	1159	208	817	131.0
12	1159	83	839	134.0
8	1160	156	633	123.0
12	1161	337	577	105.0
12	1161	132	622	127.0
12	1162	165	238	116.0
12	1162	323	570	151.0
12	1162	463	409	136.0
8	1163	307	859	130.0
8	1163	410	890	130.0
11	1164	10	649	127.0
12	1164	182	247	126.0
12	1164	392	577	132.0
12	1164	379	595	132.0
12	1165	148	221	105.0
12	1165	139	862	121.0
13	1165	182	247	115.0
12	1166	482	414	131.0
8	1167	171	410	123.0
12	1167	270	866	122.0
12	1167	285	882	135.0
12	1167	144	795	128.0
11	1170	5	680	134.0
12	1170	160	204	122.0
12	1170	340	596	118.0
12	1170	11	663	125.0
8	1171	230	593	122.0
12	1173	166	180	101.0
12	1173	184	740	127.0
10	1176	107	705	133.0
11	1176	96	728	121.0
12	1176	87	340	136.0
12	1176	295	844	127.0
12	1177	372	576	140.0
8	1179	298	842	128.0
12	1179	167	216	131.0
12	1179	202	597	132.0
12	1179	151	735	131.0
12	1179	235	572	134.0
12	1179	10	702	129.0
13	1179	367	623	138.0
13	1179	149	652	134.0
11	1180	10	666	114.0
12	1180	170	408	113.0
12	1181	86	804	142.0
12	1181	132	621	133.0
8	1182	98	404	117.0
12	1182	472	475	103.0
12	1182	475	494	134.0
12	1182	234	569	118.0
12	1184	352	572	142.0
12	1184	151	884	129.0
12	1184	163	764	123.0
8	1186	133	622	128.0
12	1186	353	531	130.0
12	1186	377	522	125.0
12	1187	267	888	128.0
12	1187	190	756	123.0
12	1187	228	592	114.0
12	1187	233	569	118.0
12	1188	203	232	120.0
12	1189	16	341	121.0
12	1189	52	381	120.0
12	1190	117	834	124.0
12	1190	120	753	133.0
8	1191	141	636	128.0
12	1192	180	222	125.0
12	1192	159	635	119.0
13	1192	139	637	133.0
12	1193	481	435	129.0
11	1195	7	630	126.0
11	1195	115	835	122.0
12	1195	144	370	134.0
12	1195	174	236	129.0
12	1195	169	622	126.0
8	1197	205	621	143.0
11	1198	4	755	121.0
12	1198	177	784	123.0
12	1198	206	793	119.0
13	1198	204	621	125.0
13	1200	230	592	123.0
8	1201	51	383	126.0
13	1201	73	401	125.0
13	1201	151	811	124.0
13	1202	337	578	146.0
13	1203	175	237	127.0
13	1204	94	388	79.0
13	1204	152	812	128.0
13	1205	141	371	133.0
13	1206	463	425	145.0
13	1206	137	762	134.0
13	1206	29	669	127.0
11	1207	85	808	132.0
13	1207	99	404	118.0
13	1207	195	425	132.0
13	1209	348	655	114.0
13	1209	147	881	127.0
13	1209	152	840	130.0
13	1209	167	746	129.0
11	1211	28	667	127.0
13	1211	490	501	128.0
13	1212	285	864	120.0
13	1212	136	742	131.0
13	1212	84	749	141.0
13	1212	192	752	131.0
13	1212	204	619	132.0
13	1213	16	353	126.0
13	1215	120	355	130.0
13	1215	203	223	117.0
13	1215	291	858	130.0
13	1215	85	756	150.0
11	1216	42	781	123.0
13	1216	485	474	125.0
10	1218	129	782	138.0
13	1219	194	426	140.0
8	1220	51	379	110.0
13	1220	137	744	124.0
13	1220	101	669	129.0
13	1222	44	752	117.0
13	1223	110	866	121.0
13	1223	88	860	127.0
13	1223	118	728	123.0
13	1224	350	628	152.0
11	1225	86	775	124.0
11	1225	29	830	106.0
13	1225	187	624	133.0
13	1226	292	858	122.0
13	1226	83	809	118.0
13	1226	87	776	127.0
13	1226	186	627	138.0
11	1227	3	770	124.0
13	1227	455	527	137.0
8	1229	304	865	118.0
13	1229	1	345	120.0
13	1229	146	798	118.0
13	1229	126	842	122.0
8	1231	167	432	127.0
13	1231	153	869	121.0
13	1231	129	781	130.0
13	1231	51	710	123.0
11	1233	71	769	135.0
13	1233	363	659	137.0
13	1234	290	517	149.0
13	1234	457	467	138.0
13	1234	178	596	119.0
13	1234	299	880	127.0
13	1234	151	824	127.0
13	1234	178	809	127.0
8	1236	115	612	124.0
13	1237	150	822	129.0
13	1239	109	345	133.0
13	1240	85	732	132.0
13	1240	108	733	132.0
13	1240	143	623	134.0
13	1240	113	614	128.0
13	1240	72	765	133.0
13	1242	341	565	134.0
11	1243	40	846	140.0
13	1243	142	622	131.0
13	1243	161	731	127.0
8	1245	306	895	132.0
11	1245	86	826	139.0
13	1245	232	616	135.0
13	1245	298	863	126.0
13	1245	296	878	127.0
13	1245	91	843	126.0
13	1245	167	797	130.0
13	1245	109	731	134.0
13	1245	47	662	126.0
13	1246	168	431	116.0
13	1247	258	459	134.0
13	1247	406	518	134.0
13	1247	167	432	126.0
13	1247	159	416	131.0
13	1247	45	721	140.0
13	1248	29	369	112.0
13	1248	52	390	118.0
13	1248	159	414	119.0
13	1248	179	255	129.0
13	1248	197	768	104.0
13	1248	142	621	120.0
13	1248	178	597	125.0
13	1249	316	566	159.0
13	1249	461	447	146.0
13	1251	229	616	129.0
13	1254	278	889	120.0
8	1255	306	874	115.0
8	1256	29	371	125.0
8	1257	309	853	125.0
13	1257	86	830	129.0
13	1257	113	670	134.0
13	1258	412	498	137.0
8	1260	52	390	121.0
11	1260	38	785	110.0
13	1260	44	761	126.0
8	1261	231	617	132.0
13	1262	90	435	124.0
13	1262	173	833	128.0
13	1262	163	727	136.0
13	1263	70	401	120.0
13	1263	179	415	113.0
13	1263	483	459	144.0
11	1265	39	802	130.0
13	1265	60	639	131.0
13	1267	420	520	127.0
13	1268	184	243	114.0
13	1268	282	872	127.0
13	1270	67	611	130.0
8	1272	320	882	104.0
13	1273	15	362	118.0
13	1273	176	741	122.0
13	1273	47	720	129.0
13	1274	433	484	145.0
13	1274	16	650	133.0
13	1274	44	718	127.0
13	1275	88	455	119.0
13	1276	278	854	137.0
13	1276	76	718	134.0
11	1278	46	829	133.0
13	1278	74	378	132.0
13	1279	284	870	124.0
13	1281	201	633	122.0
13	1284	77	424	120.0
13	1284	169	858	121.0
13	1287	127	696	125.0
13	1287	100	685	125.0
13	1287	98	667	125.0
13	1290	335	583	149.0
13	1290	124	653	116.0
13	1291	156	434	122.0
8	1295	311	851	127.0
8	1295	305	867	126.0
8	1295	91	455	132.0
8	1295	91	433	128.0
11	1295	23	661	131.0
11	1295	48	743	130.0
13	1295	116	371	132.0
13	1295	9	373	127.0
13	1295	77	435	120.0
13	1295	69	413	124.0
13	1295	268	492	155.0
13	1295	304	482	139.0
13	1295	297	556	141.0
13	1295	421	517	126.0
13	1295	369	552	131.0
13	1295	337	516	136.0
13	1295	395	546	142.0
13	1295	425	540	136.0
13	1295	443	537	135.0
13	1295	375	569	139.0
13	1295	366	584	135.0
13	1295	354	573	133.0
13	1295	339	617	162.0
13	1295	361	633	134.0
13	1295	359	659	138.0
13	1295	291	514	151.0
13	1295	497	513	138.0
13	1295	156	436	131.0
13	1295	184	443	143.0
13	1295	220	598	135.0
13	1295	201	584	132.0
13	1295	207	608	133.0
13	1295	251	552	136.0
13	1295	173	603	126.0
13	1295	155	620	134.0
13	1295	292	843	133.0
13	1295	292	883	127.0
13	1295	156	896	132.0
13	1295	177	899	121.0
13	1295	116	900	137.0
13	1295	179	869	115.0
13	1295	152	869	133.0
13	1295	67	883	132.0
13	1295	159	848	124.0
13	1295	142	853	131.0
13	1295	104	849	138.0
13	1295	107	820	123.0
13	1295	168	824	127.0
13	1295	160	810	124.0
13	1295	150	828	134.0
13	1295	137	808	131.0
13	1295	185	791	131.0
13	1295	218	760	125.0
13	1295	232	690	136.0
13	1295	170	773	135.0
13	1295	149	777	132.0
13	1295	198	759	134.0
13	1295	177	752	126.0
13	1295	182	728	127.0
13	1295	155	745	134.0
13	1295	163	763	135.0
13	1295	139	766	138.0
13	1295	108	768	136.0
13	1295	145	727	134.0
13	1295	113	754	135.0
13	1295	121	741	133.0
13	1295	97	720	135.0
13	1295	91	710	131.0
13	1295	114	713	136.0
13	1295	74	721	130.0
13	1295	61	714	130.0
13	1295	56	701	127.0
13	1295	145	691	106.0
13	1295	155	699	131.0
13	1295	137	676	136.0
13	1295	195	648	130.0
13	1295	198	632	130.0
13	1295	159	636	135.0
13	1295	138	625	129.0
13	1295	51	688	126.0
13	1295	100	687	130.0
13	1295	125	694	120.0
13	1295	82	663	133.0
13	1295	60	548	126.0
13	1295	59	567	131.0
13	1295	60	584	133.0
13	1295	59	596	119.0
13	1295	51	607	115.0
13	1295	46	629	116.0
13	1295	49	649	124.0
13	1295	65	654	138.0
13	1295	52	663	121.0
13	1295	51	675	123.0
13	1295	18	683	139.0
13	1295	22	706	131.0
13	1295	5	763	135.0
13	1295	5	665	126.0
